beta,magnetization
0,0.00795136
0.001,0.00799258
0.002,0.00806968
0.003,0.00799222
0.004,0.00808296
0.0050000004,0.00813928
0.006,0.0080871
0.007,0.0081734
0.008,0.00809136
0.009000001,0.00813072
0.010000001,0.00814968
0.011000001,0.00816158
0.012,0.0082103
0.013,0.00810192
0.014,0.00806706
0.015000001,0.00813018
0.016,0.0081548
0.017,0.00828768
0.018000001,0.00832068
0.019000001,0.00826818
0.020000001,0.00835978
0.021000002,0.008389
0.022000002,0.00836472
0.023000002,0.00852234
0.024,0.00838048
0.025,0.00827408
0.026,0.00834672
0.027,0.00843604
0.028,0.00846924
0.029000001,0.00837026
0.030000001,0.00849952
0.031000001,0.00855528
0.032,0.0085692
0.033,0.00845012
0.034,0.008563
0.035,0.00867478
0.036000002,0.00856506
0.037,0.0086811
0.038000003,0.00859886
0.039,0.00870048
0.040000003,0.0087036
0.041,0.0087472
0.042000003,0.00873266
0.043,0.00874094
0.044000003,0.0088219
0.045,0.00871186
0.046000004,0.00884156
0.047000002,0.00874296
0.048,0.00885018
0.049000002,0.00891576
0.05,0.00892474
0.051000003,0.00889906
0.052,0.00893192
0.053000003,0.0090557
0.054,0.00895246
0.055000003,0.00903976
0.056,0.00887774
0.057000004,0.00897202
0.058000002,0.00892498
0.059000004,0.0090759
0.060000002,0.00908712
0.061000004,0.00912348
0.062000003,0.00910902
0.063,0.00924418
0.064,0.00925434
0.065000005,0.00908098
0.066,0.00911968
0.067,0.0090763
0.068,0.00925434
0.069000006,0.00913862
0.07,0.00934426
0.071,0.0092979
0.072000004,0.00942468
0.07300001,0.0093386
0.074,0.00934804
0.075,0.00931332
0.076000005,0.0093875
0.07700001,0.00941312
0.078,0.0095337
0.079,0.00950024
0.080000006,0.00944354
0.081,0.00961524
0.082,0.00955014
0.083000004,0.0096112
0.08400001,0.00955512
0.085,0.00963054
0.086,0.00950086
0.087000005,0.00965236
0.08800001,0.00958518
0.089,0.00971184
0.09,0.00977286
0.091000006,0.00981196
0.09200001,0.00992846
0.093,0.00989864
0.094000004,0.0098581
0.095000006,0.00990512
0.096,0.0097956
0.097,0.01003326
0.098000005,0.009976
0.09900001,0.01011118
0.1,0.00995024
0.101,0.00998004
0.102000006,0.01009928
0.10300001,0.01016788
0.104,0.01004168
0.105000004,0.0100497
0.106000006,0.0102336
0.10700001,0.0100657
0.108,0.01016078
0.109000005,0.01025714
0.11000001,0.01011194
0.11100001,0.01025162
0.112,0.01038486
0.113000005,0.01045806
0.11400001,0.01035732
0.115,0.01052646
0.116000004,0.0105108
0.117000006,0.01039774
0.11800001,0.0104446
0.119,0.01058806
0.120000005,0.01049516
0.12100001,0.01072562
0.12200001,0.01061308
0.123,0.01060574
0.124000005,0.01077718
0.125,0.0106405
0.126,0.01061124
0.127,0.0107869
0.128,0.01079926
0.12900001,0.01087018
0.13000001,0.01089872
0.13100001,0.0107435
0.132,0.01092696
0.133,0.01075838
0.134,0.01107156
0.135,0.0108891
0.136,0.01092416
0.13700001,0.01084444
0.13800001,0.01105584
0.13900001,0.01110828
0.14,0.01105692
0.141,0.01130714
0.142,0.01100476
0.143,0.01126648
0.14400001,0.0113607
0.14500001,0.01131242
0.14600001,0.0111859
0.147,0.01133334
0.148,0.01145448
0.149,0.0114825
0.15,0.01143942
0.15100001,0.01162958
0.15200001,0.0115083
0.15300001,0.01130412
0.15400001,0.01166454
0.155,0.01161826
0.156,0.01149818
0.157,0.01182362
0.158,0.01168406
0.15900001,0.01199496
0.16000001,0.01192362
0.16100001,0.0116946
0.162,0.01200596
0.163,0.0118459
0.164,0.01200944
0.165,0.01205804
0.16600001,0.01220348
0.16700001,0.01208974
0.16800001,0.01200342
0.16900001,0.01226226
0.17,0.01234132
0.171,0.01233854
0.172,0.01220968
0.17300001,0.01218826
0.17400001,0.01244328
0.17500001,0.01252294
0.17600001,0.01261104
0.177,0.01246806
0.178,0.012645
0.179,0.01254454
0.18,0.01264312
0.18100001,0.01258726
0.18200001,0.01259834
0.18300001,0.01262236
0.18400002,0.01271984
0.185,0.01271496
0.186,0.01285276
0.187,0.01288978
0.18800001,0.01283392
0.18900001,0.01305992
0.19000001,0.01300656
0.19100001,0.01328718
0.192,0.013235
0.193,0.0131659
0.194,0.01295984
0.19500001,0.01319968
0.19600001,0.01329998
0.19700001,0.0133146
0.19800001,0.01330612
0.19900002,0.01342154
0.2,0.0135198
0.201,0.01334486
0.202,0.01341736
0.20300001,0.01330444
0.20400001,0.01355916
0.20500001,0.01361428
0.20600002,0.01394492
0.20700002,0.0139518
0.208,0.01371706
0.209,0.01374272
0.21000001,0.01389436
0.21100001,0.01403984
0.21200001,0.0143099
0.21300001,0.01401436
0.21400002,0.01436342
0.215,0.01465974
0.216,0.01449678
0.21700001,0.01451396
0.21800001,0.0146742
0.21900001,0.01473416
0.22000001,0.01456968
0.22100002,0.01472602
0.22200002,0.01487292
0.223,0.01411076
0.224,0.01450636
0.22500001,0.01466998
0.22600001,0.01481692
0.22700001,0.01468522
0.22800002,0.01477952
0.22900002,0.01478168
0.23,0.01509126
0.231,0.01498182
0.23200001,0.01531002
0.23300001,0.0154058
0.23400001,0.01547058
0.23500001,0.01532102
0.23600002,0.01565634
0.23700002,0.01599184
0.238,0.01566264
0.23900001,0.01590236
0.24000001,0.01564564
0.24100001,0.01566498
0.24200001,0.01625376
0.24300002,0.01606886
0.24400002,0.01580504
0.245,0.01614148
0.246,0.01608834
0.24700001,0.0161827
0.24800001,0.01650188
0.24900001,0.01664166
0.25,0.01672818
0.25100002,0.01661858
0.252,0.01659784
0.25300002,0.01688426
0.254,0.01668656
0.25500003,0.01716072
0.256,0.01676576
0.257,0.01742336
0.25800002,0.01769946
0.259,0.0174468
0.26000002,0.0173434
0.261,0.01715406
0.26200002,0.01699802
0.263,0.01739326
0.264,0.01774398
0.26500002,0.01760006
0.266,0.01750892
0.26700002,0.01791158
0.268,0.01790798
0.26900002,0.01818034
0.27,0.01841114
0.27100003,0.01821036
0.272,0.01829842
0.273,0.01836688
0.27400002,0.01863776
0.275,0.0184946
0.27600002,0.01876676
0.277,0.01845034
0.27800003,0.01927334
0.279,0.01931282
0.28,0.01911976
0.28100002,0.0189179
0.282,0.019444
0.28300002,0.01979084
0.284,0.01961124
0.28500003,0.01991884
0.286,0.0200185
0.287,0.02020564
0.28800002,0.02017904
0.289,0.02082154
0.29000002,0.02016974
0.291,0.0206252
0.29200003,0.02058314
0.293,0.0209091
0.294,0.02099698
0.29500002,0.02053956
0.296,0.02088414
0.29700002,0.02089482
0.298,0.02129824
0.29900002,0.02188024
0.3,0.02096204
0.30100003,0.02153956
0.30200002,0.0214642
0.303,0.0218517
0.30400002,0.02204212
0.305,0.02181914
0.30600002,0.0225052
0.307,0.022203
0.30800003,0.022473
0.30900002,0.02263496
0.31,0.02301254
0.31100002,0.0220498
0.312,0.02300666
0.31300002,0.02354982
0.314,0.02435188
0.31500003,0.02323154
0.316,0.02366
0.317,0.02393032
0.31800002,0.02436228
0.319,0.02335778
0.32000002,0.0248479
0.321,0.02463356
0.32200003,0.02602832
0.323,0.02578926
0.324,0.02560852
0.32500002,0.02630396
0.326,0.02521608
0.32700002,0.02587328
0.328,0.02541832
0.32900003,0.02662596
0.33,0.02579256
0.33100003,0.026534
0.33200002,0.02650982
0.333,0.02770062
0.33400002,0.02697
0.335,0.02808022
0.33600003,0.02860998
0.337,0.02794202
0.33800003,0.02909438
0.33900002,0.0275135
0.34,0.02917906
0.34100002,0.02930234
0.342,0.0297832
0.34300002,0.02835078
0.344,0.02939206
0.34500003,0.0301194
0.34600002,0.0308718
0.347,0.03068298
0.34800002,0.03141668
0.349,0.02982876
0.35000002,0.03240694
0.351,0.03260742
0.35200003,0.03164988
0.35300002,0.03198706
0.354,0.03494434
0.35500002,0.03600556
0.356,0.03243402
0.35700002,0.0346843
0.358,0.0348192
0.35900003,0.03407186
0.36,0.03488508
0.36100003,0.03473642
0.36200002,0.03354208
0.363,0.03500404
0.36400002,0.03764202
0.365,0.03723678
0.36600003,0.03741778
0.367,0.037125
0.36800003,0.03856312
0.36900002,0.036142
0.37,0.03907382
0.37100002,0.03958634
0.372,0.0422946
0.37300003,0.042798
0.374,0.03939694
0.37500003,0.0392602
0.37600002,0.04116444
0.377,0.04336456
0.37800002,0.04309314
0.379,0.0452202
0.38000003,0.0469873
0.381,0.04680054
0.38200003,0.04815734
0.38300002,0.04567448
0.384,0.04977264
0.38500002,0.04843476
0.386,0.04933918
0.38700002,0.05224568
0.388,0.04862192
0.38900003,0.04700134
0.39000002,0.05103856
0.39100003,0.05144772
0.39200002,0.05503004
0.393,0.05868812
0.39400002,0.05596016
0.395,0.06242316
0.39600003,0.06052406
0.397,0.0553379
0.39800003,0.06342426
0.39900002,0.05642954
0.4,0.07339484
0.40100002,0.07327136
0.402,0.05907124
0.40300003,0.06407066
0.404,0.06765596
0.40500003,0.06969512
0.40600002,0.08113984
0.407,0.0680997
0.40800002,0.08064488
0.409,0.0737423
0.41000003,0.08825868
0.411,0.0741401
0.41200003,0.08340124
0.41300002,0.1066574
0.41400003,0.08912296
0.41500002,0.1068196
0.416,0.10172656
0.41700003,0.0957796
0.418,0.1131039
0.41900003,0.09157968
0.42000002,0.10491864
0.42100003,0.10377004
0.42200002,0.15309424
0.423,0.14624406
0.42400002,0.14638864
0.425,0.12106136
0.42600003,0.18655578
0.42700002,0.1467129
0.42800003,0.28245268
0.42900002,0.1990798
0.43,0.1747831
0.43100002,0.18008558
0.432,0.2465258
0.43300003,0.3134484
0.43400002,0.32157156
0.43500003,0.22278838
0.43600002,0.32440572
0.437,0.5556654
0.43800002,0.54985956
0.439,0.43904696
0.44000003,0.61714594
0.441,0.61181296
0.44200003,0.6084747
0.44300002,0.59216688
0.44400004,0.67847724
0.44500002,0.70835466
0.446,0.6924778
0.44700003,0.72131024
0.448,0.72017696
0.44900003,0.75653732
0.45000002,0.74373512
0.45100003,0.76369566
0.45200002,0.7631034
0.453,0.77375898
0.45400003,0.7722347
0.455,0.7950541
0.45600003,0.7972735
0.45700002,0.80061166
0.45800003,0.81024512
0.45900002,0.80170876
0.46,0.81603852
0.46100003,0.81535362
0.462,0.82453634
0.46300003,0.82826674
0.46400002,0.83292486
0.46500003,0.83474392
0.46600002,0.83583708
0.467,0.84349108
0.46800002,0.84117198
0.469,0.84530658
0.47000003,0.85286412
0.47100002,0.85738572
0.47200003,0.85673584
0.47300002,0.85774882
0.47400004,0.8647248
0.47500002,0.86506172
0.476,0.8683188
0.47700003,0.87138732
0.47800002,0.87201012
0.47900003,0.87622074
0.48000002,0.87703554
0.48100004,0.87992466
0.48200002,0.88189346
0.483,0.88499348
0.48400003,0.8849113
0.485,0.88783004
0.48600003,0.88966744
0.48700002,0.8913129
0.48800004,0.89251278
0.48900002,0.89471484
0.49,0.8966517
0.49100003,0.89756518
0.492,0.89959262
0.49300003,0.9010948
0.49400002,0.90274808
0.49500003,0.90513652
0.49600002,0.9055397
0.497,0.90786192
0.49800003,0.90761336
0.499,0.91065366
0.5,0.91113862
0.50100005,0.91261336
0.50200003,0.9133719
0.503,0.91530374
0.504,0.91625354
0.505,0.9179195
0.50600004,0.91898318
0.507,0.9196523
0.508,0.92100258
0.509,0.92167358
0.51000005,0.92321134
0.51100004,0.92422852
0.512,0.92553818
0.513,0.92681232
0.514,0.92721104
0.51500005,0.92813366
0.51600003,0.92929996
0.517,0.93064482
0.518,0.93107862
0.51900005,0.93218878
0.52000004,0.933346
0.521,0.93364046
0.522,0.93480598
0.523,0.93547976
0.52400005,0.93685044
0.52500004,0.93722388
0.526,0.93809356
0.527,0.93875842
0.528,0.9396581
0.52900004,0.94038674
0.53000003,0.94107174
0.531,0.94205718
0.532,0.942766
0.53300005,0.9431016
0.53400004,0.94424574
0.535,0.94464566
0.536,0.94525254
0.537,0.94619658
0.53800005,0.94686544
0.53900003,0.9476504
0.54,0.94811852
0.541,0.94851224
0.54200006,0.9494428
0.54300004,0.94975162
0.544,0.95067882
0.545,0.9509542
0.546,0.95178148
0.54700005,0.9522507
0.54800004,0.95288872
0.549,0.95313702
0.55,0.95403904
0.551,0.95464008
0.55200005,0.95507268
0.55300003,0.95554436
0.554,0.9560306
0.555,0.9568231
0.55600005,0.95716018
0.55700004,0.9578349
0.558,0.95809054
0.559,0.95850662
0.56,0.9588635
0.56100005,0.95949338
0.56200004,0.95985636
0.563,0.96044458
0.564,0.96082794
0.565,0.96146448
0.56600004,0.96169892
0.56700003,0.96215232
0.568,0.9626043
0.569,0.96299332
0.57000005,0.96345714
0.57100004,0.96379384
0.572,0.9643204
0.573,0.9648229
0.574,0.96508286
0.57500005,0.96521836
0.57600003,0.96574684
0.577,0.96614194
0.578,0.96655938
0.57900006,0.96701498
0.58000004,0.9672463
0.58100003,0.96785518
0.582,0.96791154
0.583,0.96844688
0.58400005,0.96873708
0.58500004,0.96915306
0.586,0.96940838
0.587,0.96965608
0.588,0.9698371
0.58900005,0.97048982
0.59000003,0.97062662
0.591,0.9708725
0.592,0.97126858
0.59300005,0.9716807
0.59400004,0.97197422
0.595,0.97218398
0.596,0.9724833
0.597,0.97274616
0.59800005,0.97310484
0.59900004,0.9731372
0.6,0.97348894
0.601,0.9738262
0.60200006,0.97417186
0.60300004,0.97445332
0.60400003,0.9746723
0.605,0.97491784
0.606,0.97521826
0.60700005,0.97540774
0.60800004,0.975772
0.609,0.9759199
0.61,0.97624948
0.611,0.97643166
0.61200005,0.9767371
0.61300004,0.97694102
0.614,0.97721756
0.615,0.97750198
0.61600006,0.9776781
0.61700004,0.97789162
0.61800003,0.97813058
0.619,0.97837482
0.62,0.97861072
0.62100005,0.9787553
0.62200004,0.97895032
0.623,0.9792626
0.624,0.97940562
0.625,0.97958748
0.62600005,0.97980036
0.62700003,0.98000806
0.628,0.98035132
0.629,0.98037964
0.63000005,0.98070038
0.63100004,0.98087874
0.632,0.98103444
0.633,0.98122458
0.634,0.98130466
0.63500005,0.98150758
0.63600004,0.98182036
0.637,0.98190974
0.638,0.98217028
0.63900006,0.98233038
0.64000005,0.98247426
0.64100003,0.98269788
0.642,0.98277798
0.643,0.98305528
0.64400005,0.98312048
0.64500004,0.98327292
0.646,0.98351258
0.647,0.98355564
0.648,0.98376656
0.64900005,0.98395554
0.65000004,0.98412244
0.651,0.98428132
0.652,0.98450084
0.65300006,0.984613
0.65400004,0.98473246
0.65500003,0.98491122
0.656,0.98505784
0.657,0.985219
0.65800005,0.98536092
0.65900004,0.9854908
0.66,0.98557988
0.661,0.98570202
0.66200006,0.98587956
0.66300005,0.9860745
0.66400003,0.98611782
0.665,0.98626616
0.666,0.98646262
0.66700006,0.98652926
0.66800004,0.9866537
0.669,0.98681694
0.67,0.98695074
0.671,0.98694764
0.67200005,0.98716974
0.67300004,0.98725066
0.674,0.98745142
0.675,0.98752162
0.67600006,0.98766934
0.67700005,0.9877113
0.67800003,0.98786542
0.679,0.98797232
0.68,0.98815122
0.68100005,0.98818902
0.68200004,0.98837272
0.683,0.9884302
0.684,0.98847516
0.68500006,0.98875178
0.68600005,0.9887634
0.68700004,0.9888974
0.688,0.98902764
0.689,0.9890489
0.69000006,0.98927208
0.69100004,0.98928936
0.69200003,0.98933526
0.693,0.98953492
0.694,0.98959602
0.69500005,0.9896992
0.69600004,0.98978458
0.697,0.98986474
0.698,0.98999782
0.69900006,0.99007118
0.70000005,0.99017154
0.70100003,0.9902664
0.702,0.9903737
0.703,0.99040746
0.70400006,0.9905547
0.70500004,0.99062148
0.70600003,0.99065966
0.707,0.99078712
0.708,0.9908229
0.70900005,0.99096476
0.71000004,0.99106584
0.711,0.99110788
0.712,0.99120048
0.71300006,0.99127906
0.71400005,0.99139
0.71500003,0.99147908
0.716,0.99151486
0.717,0.99165398
0.71800005,0.99163138
0.71900004,0.99175302
0.72,0.99180538
0.721,0.99193372
0.72200006,0.9919879
0.72300005,0.99206586
0.72400004,0.99212582
0.725,0.99219692
0.726,0.9922742
0.72700006,0.9923169
0.72800004,0.99242416
0.72900003,0.99248522
0.73,0.99253484
0.731,0.99264632
0.73200005,0.99269984
0.73300004,0.99273884
0.734,0.99282364
0.735,0.9928901
0.73600006,0.99294042
0.73700005,0.99299796
0.73800004,0.99303264
0.739,0.99310994
0.74,0.99321468
0.74100006,0.99327434
0.74200004,0.99331186
0.74300003,0.99335626
0.744,0.99344258
0.74500006,0.9934904
0.74600005,0.99353644
0.74700004,0.9936179
0.748,0.99366872
0.749,0.99372788
0.75000006,0.99379396
0.75100005,0.99385534
0.75200003,0.99391384
0.753,0.99397954
0.754,0.99402236
0.75500005,0.99405232
0.75600004,0.9941109
0.757,0.99418558
0.758,0.99421446
0.75900006,0.9942439
0.76000005,0.99431424
0.76100004,0.99437588
0.762,0.99438244
0.763,0.99447126
0.76400006,0.99452356
0.76500005,0.99459058
0.76600003,0.99461002
0.767,0.9946648
0.768,0.9947358
0.76900005,0.99476552
0.77000004,0.99481002
0.771,0.99482768
0.772,0.99490562
0.77300006,0.99492874
0.77400005,0.99500752
0.77500004,0.99503064
0.776,0.99506684
0.777,0.99513638
0.77800006,0.99517672
0.77900004,0.99520162
0.78000003,0.99525694
0.781,0.99529242
0.78200006,0.9953358
0.78300005,0.9953864
0.78400004,0.9954179
0.785,0.99546186
0.786,0.99548814
0.78700006,0.99554558
0.78800005,0.99556796
0.78900003,0.99561558
0.79,0.99563636
0.791,0.9956456
0.79200006,0.99574564
0.79300004,0.99578546
0.794,0.9958056
0.795,0.9958748
0.79600006,0.99588088
0.79700005,0.99591418
0.79800004,0.99593682
0.799,0.99597648
0.8,0.99601854
0.80100006,0.9960434
0.80200005,0.99605824
0.80300003,0.99612154
0.804,0.99615836
0.80500007,0.99620816
0.80600005,0.99623128
0.80700004,0.99627924
0.808,0.99625052
0.809,0.99632368
0.81000006,0.99634244
0.81100005,0.9963875
0.81200004,0.9964211
0.813,0.99645476
0.814,0.99646464
0.81500006,0.99652424
0.81600004,0.99653408
0.81700003,0.99658174
0.818,0.99659512
0.81900007,0.99663008
0.82000005,0.9966847
0.82100004,0.99670396
0.822,0.99671782
0.823,0.99674804
0.82400006,0.99676172
0.82500005,0.99679954
0.82600003,0.99681006
0.827,0.9968471
0.82800007,0.99690804
0.82900006,0.99689794
0.83000004,0.99694224
0.83100003,0.99699402
0.832,0.99697952
0.83300006,0.99701242
0.83400005,0.9970331
0.83500004,0.99706882
0.836,0.99711486
0.837,0.99712272
0.83800006,0.99713426
0.83900005,0.9971902
0.84000003,0.99718458
0.841,0.9972024
0.84200007,0.99725088
0.84300005,0.99726012
0.84400004,0.99728138
0.845,0.99732722
0.846,0.9973442
0.84700006,0.99732698
0.84800005,0.99739208
0.84900004,0.99739142
0.85,0.99741826
0.851,0.99745254
0.85200006,0.99746472
0.85300004,0.99747778
0.85400003,0.99750332
0.855,0.99752048
0.85600007,0.9975514
0.85700005,0.99758808
0.85800004,0.99759316
0.859,0.99761732
0.86,0.99763726
0.86100006,0.99767338
0.86200005,0.997687
0.86300004,0.99766694
0.864,0.99771958
0.86500007,0.99773638
0.86600006,0.99775918
0.86700004,0.99778608
0.86800003,0.99779262
0.869,0.9978083
0.87000006,0.9978372
0.87100005,0.99784208
0.87200004,0.9978609
0.873,0.99787222
0.874,0.99789876
0.87500006,0.9979374
0.87600005,0.99794238
0.87700003,0.99795974
0.878,0.99796802
0.87900007,0.9979871
0.88000005,0.99801952
0.88100004,0.99802338
0.882,0.99804788
0.883,0.99804776
0.88400006,0.99806602
0.88500005,0.99808322
0.88600004,0.99811694
0.887,0.9981296
0.8880001,0.99812452
0.88900006,0.99815286
0.89000005,0.9981603
0.89100003,0.99818472
0.892,0.99820374
0.89300007,0.9982199
0.89400005,0.99823632
0.89500004,0.99825096
0.896,0.99826714
0.897,0.99828138
0.89800006,0.9982843
0.89900005,0.99829812
0.90000004,0.99832738
0.901,0.99834344
0.90200007,0.99834938
0.90300006,0.99836908
0.90400004,0.9983941
0.90500003,0.99839004
0.906,0.99840788
0.90700006,0.9984206
0.90800005,0.99841686
0.90900004,0.9984441
0.91,0.99845932
0.9110001,0.998467
0.91200006,0.99849568
0.91300005,0.99849462
0.91400003,0.99849662
0.915,0.99854604
0.91600007,0.99853106
0.91700006,0.99854842
0.91800004,0.99856954
0.919,0.99857502
0.92,0.99859572
0.92100006,0.99859804
0.92200005,0.99860044
0.92300004,0.99861178
0.924,0.99864186
0.9250001,0.99863624
0.92600006,0.99865812
0.92700005,0.99866628
0.92800003,0.99868006
0.929,0.99869966
0.93000007,0.99868328
0.93100005,0.99872066
0.93200004,0.99873438
0.933,0.99874272
0.934,0.9987469
0.93500006,0.9987536
0.93600005,0.99876842
0.93700004,0.99876756
0.938,0.99878778
0.93900007,0.99879144
0.94000006,0.9988011
0.94100004,0.9988051
0.94200003,0.99882744
0.943,0.998839
0.94400007,0.99884572
0.94500005,0.9988668
0.94600004,0.9988674
0.947,0.99887242
0.9480001,0.99886924
0.94900006,0.99888938
0.95000005,0.99889568
0.95100003,0.99892102
0.952,0.99893496
0.95300007,0.99892788
0.95400006,0.99892494
0.95500004,0.99895132
0.95600003,0.99897122
0.957,0.9989641
0.95800006,0.99896984
0.95900005,0.99897756
0.96000004,0.9989835
0.961,0.99900158
0.9620001,0.99899744
0.96300006,0.99901562
0.96400005,0.99901788
0.96500003,0.99902748
0.966,0.99904312
0.96700007,0.99904022
0.96800005,0.9990539
0.96900004,0.99906112
0.97,0.99907556
0.9710001,0.99908446
0.97200006,0.99909492
0.97300005,0.99908762
0.97400004,0.99909818
0.975,0.99912222
0.9760001,0.999107
0.97700006,0.99911296
0.97800004,0.99913106
0.97900003,0.99913422
0.98,0.99913856
0.98100007,0.99915726
0.98200005,0.99915362
0.98300004,0.99915832
0.984,0.99916924
0.9850001,0.99917698
0.98600006,0.99918426
0.98700005,0.99919396
0.98800004,0.99919688
0.989,0.99920296
0.99000007,0.99921082
0.99100006,0.99921804
0.99200004,0.999227
0.99300003,0.9992242
0.994,0.99924522
0.99500006,0.9992404
0.99600005,0.99924608
0.99700004,0.9992467
0.998,0.9992703
0.9990001,0.99927526
1,0.99927308
