beta,magnetization
0,0.07902
0.001,0.079812
0.002,0.080144
0.003,0.080384
0.004,0.080664
0.0050000004,0.079574
0.006,0.08011
0.007,0.080958
0.008,0.081404
0.009000001,0.080886
0.010000001,0.08194
0.011000001,0.080258
0.012,0.081422
0.013,0.082294
0.014,0.081716
0.015000001,0.08226
0.016,0.081848
0.017,0.08267
0.018000001,0.082824
0.019000001,0.08375
0.020000001,0.082006
0.021000002,0.082114
0.022000002,0.084046
0.023000002,0.08219
0.024,0.083302
0.025,0.083106
0.026,0.084584
0.027,0.083724
0.028,0.083308
0.029000001,0.085988
0.030000001,0.083864
0.031000001,0.084708
0.032,0.0846
0.033,0.08352
0.034,0.08562
0.035,0.08485
0.036000002,0.08599
0.037,0.08486
0.038000003,0.088182
0.039,0.086536
0.040000003,0.086688
0.041,0.086262
0.042000003,0.087266
0.043,0.088056
0.044000003,0.088614
0.045,0.087488
0.046000004,0.087594
0.047000002,0.086846
0.048,0.087904
0.049000002,0.089414
0.05,0.088796
0.051000003,0.087824
0.052,0.08937
0.053000003,0.08912
0.054,0.09083
0.055000003,0.08986
0.056,0.09
0.057000004,0.090742
0.058000002,0.089004
0.059000004,0.090934
0.060000002,0.090808
0.061000004,0.090724
0.062000003,0.090544
0.063,0.09054
0.064,0.090824
0.065000005,0.091294
0.066,0.093354
0.067,0.091914
0.068,0.09226
0.069000006,0.092098
0.07,0.092026
0.071,0.09413
0.072000004,0.093738
0.07300001,0.093742
0.074,0.093518
0.075,0.09463
0.076000005,0.095032
0.07700001,0.094246
0.078,0.093172
0.079,0.095732
0.080000006,0.094306
0.081,0.095268
0.082,0.09478
0.083000004,0.0959
0.08400001,0.09599
0.085,0.096638
0.086,0.095608
0.087000005,0.096064
0.08800001,0.09824
0.089,0.09838
0.09,0.09765
0.091000006,0.097082
0.09200001,0.098664
0.093,0.098982
0.094000004,0.09895
0.095000006,0.098074
0.096,0.099418
0.097,0.099686
0.098000005,0.09789
0.09900001,0.099564
0.1,0.100276
0.101,0.10075
0.102000006,0.100636
0.10300001,0.100988
0.104,0.100724
0.105000004,0.1018
0.106000006,0.101024
0.10700001,0.101876
0.108,0.101362
0.109000005,0.102326
0.11000001,0.101342
0.11100001,0.103706
0.112,0.103802
0.113000005,0.10442
0.11400001,0.104586
0.115,0.104514
0.116000004,0.104354
0.117000006,0.104538
0.11800001,0.104084
0.119,0.105858
0.120000005,0.104662
0.12100001,0.106026
0.12200001,0.1045
0.123,0.105258
0.124000005,0.107478
0.125,0.105412
0.126,0.106862
0.127,0.106784
0.128,0.107248
0.12900001,0.107566
0.13000001,0.107328
0.13100001,0.109296
0.132,0.109184
0.133,0.10861
0.134,0.110558
0.135,0.10987
0.136,0.109834
0.13700001,0.110574
0.13800001,0.110564
0.13900001,0.111318
0.14,0.111208
0.141,0.113338
0.142,0.111754
0.143,0.11211
0.14400001,0.111496
0.14500001,0.112826
0.14600001,0.113968
0.147,0.113544
0.148,0.115224
0.149,0.116604
0.15,0.114646
0.15100001,0.114154
0.15200001,0.11478
0.15300001,0.115978
0.15400001,0.116652
0.155,0.116378
0.156,0.116256
0.157,0.118178
0.158,0.118702
0.15900001,0.116792
0.16000001,0.117752
0.16100001,0.119628
0.162,0.118348
0.163,0.120282
0.164,0.118006
0.165,0.121374
0.16600001,0.121266
0.16700001,0.121206
0.16800001,0.123738
0.16900001,0.12206
0.17,0.121402
0.171,0.121958
0.172,0.12402
0.17300001,0.123302
0.17400001,0.125262
0.17500001,0.12432
0.17600001,0.124908
0.177,0.125454
0.178,0.125634
0.179,0.12582
0.18,0.125622
0.18100001,0.125846
0.18200001,0.126288
0.18300001,0.128506
0.18400002,0.129228
0.185,0.127628
0.186,0.129626
0.187,0.130704
0.18800001,0.130454
0.18900001,0.130202
0.19000001,0.13233
0.19100001,0.13074
0.192,0.131596
0.193,0.132532
0.194,0.132066
0.19500001,0.13451
0.19600001,0.135396
0.19700001,0.132222
0.19800001,0.134492
0.19900002,0.135516
0.2,0.1346
0.201,0.134882
0.202,0.136082
0.20300001,0.136108
0.20400001,0.137084
0.20500001,0.137664
0.20600002,0.138528
0.20700002,0.138016
0.208,0.13886
0.209,0.139932
0.21000001,0.14175
0.21100001,0.13954
0.21200001,0.142602
0.21300001,0.142208
0.21400002,0.141912
0.215,0.14454
0.216,0.14458
0.21700001,0.143822
0.21800001,0.14518
0.21900001,0.144482
0.22000001,0.146584
0.22100002,0.146534
0.22200002,0.146634
0.223,0.146826
0.224,0.148782
0.22500001,0.148432
0.22600001,0.149826
0.22700001,0.148558
0.22800002,0.150506
0.22900002,0.151494
0.23,0.151354
0.231,0.15461
0.23200001,0.155322
0.23300001,0.154856
0.23400001,0.155692
0.23500001,0.155922
0.23600002,0.155554
0.23700002,0.155596
0.238,0.155916
0.23900001,0.160264
0.24000001,0.158938
0.24100001,0.159556
0.24200001,0.161998
0.24300002,0.162534
0.24400002,0.16261
0.245,0.16239
0.246,0.16384
0.24700001,0.165148
0.24800001,0.165816
0.24900001,0.16495
0.25,0.167514
0.25100002,0.164522
0.252,0.167928
0.25300002,0.170764
0.254,0.170116
0.25500003,0.16996
0.256,0.170108
0.257,0.170574
0.25800002,0.173378
0.259,0.174248
0.26000002,0.175698
0.261,0.175724
0.26200002,0.17814
0.263,0.177342
0.264,0.17791
0.26500002,0.178062
0.266,0.180668
0.26700002,0.17972
0.268,0.178596
0.26900002,0.181296
0.27,0.18208
0.27100003,0.184982
0.272,0.185922
0.273,0.187002
0.27400002,0.187644
0.275,0.189026
0.27600002,0.190394
0.277,0.188702
0.27800003,0.190322
0.279,0.191256
0.28,0.19286
0.28100002,0.195322
0.282,0.19689
0.28300002,0.199516
0.284,0.198774
0.28500003,0.199918
0.286,0.200984
0.287,0.199126
0.28800002,0.202154
0.289,0.200802
0.29000002,0.205276
0.291,0.204834
0.29200003,0.20666
0.293,0.207744
0.294,0.209966
0.29500002,0.210166
0.296,0.21361
0.29700002,0.214624
0.298,0.212462
0.29900002,0.216852
0.3,0.216222
0.30100003,0.219372
0.30200002,0.217912
0.303,0.221134
0.30400002,0.223704
0.305,0.224924
0.30600002,0.227956
0.307,0.23029
0.30800003,0.229658
0.30900002,0.231816
0.31,0.230968
0.31100002,0.232332
0.312,0.235024
0.31300002,0.240828
0.314,0.23973
0.31500003,0.241364
0.316,0.242594
0.317,0.247416
0.31800002,0.246164
0.319,0.245098
0.32000002,0.25207
0.321,0.251062
0.32200003,0.253164
0.323,0.259078
0.324,0.258128
0.32500002,0.256492
0.326,0.261762
0.32700002,0.266612
0.328,0.265796
0.32900003,0.267114
0.33,0.27091
0.33100003,0.268232
0.33200002,0.273224
0.333,0.273832
0.33400002,0.28173
0.335,0.282296
0.33600003,0.281224
0.337,0.288246
0.33800003,0.287786
0.33900002,0.286964
0.34,0.29381
0.34100002,0.29733
0.342,0.293498
0.34300002,0.297926
0.344,0.305778
0.34500003,0.30841
0.34600002,0.309898
0.347,0.312388
0.34800002,0.317484
0.349,0.318342
0.35000002,0.321204
0.351,0.32275
0.35200003,0.33061
0.35300002,0.330104
0.354,0.334704
0.35500002,0.33604
0.356,0.341902
0.35700002,0.345104
0.358,0.346362
0.35900003,0.354668
0.36,0.353538
0.36100003,0.354628
0.36200002,0.361812
0.363,0.35832
0.36400002,0.369034
0.365,0.375786
0.36600003,0.376612
0.367,0.377336
0.36800003,0.380406
0.36900002,0.385504
0.37,0.393604
0.37100002,0.39751
0.372,0.396056
0.37300003,0.401736
0.374,0.40745
0.37500003,0.407932
0.37600002,0.417716
0.377,0.423088
0.37800002,0.427236
0.379,0.43146
0.38000003,0.437078
0.381,0.43613
0.38200003,0.441784
0.38300002,0.449576
0.384,0.451592
0.38500002,0.463378
0.386,0.465054
0.38700002,0.469886
0.388,0.471952
0.38900003,0.477158
0.39000002,0.48441
0.39100003,0.487352
0.39200002,0.502004
0.393,0.497402
0.39400002,0.509926
0.395,0.51072
0.39600003,0.51976
0.397,0.521134
0.39800003,0.52701
0.39900002,0.531666
0.4,0.540504
0.40100002,0.540922
0.402,0.549112
0.40300003,0.557504
0.404,0.560048
0.40500003,0.570768
0.40600002,0.57813
0.407,0.580116
0.40800002,0.587486
0.409,0.594758
0.41000003,0.594368
0.411,0.607298
0.41200003,0.604656
0.41300002,0.608378
0.41400003,0.615068
0.41500002,0.625496
0.416,0.632976
0.41700003,0.635144
0.418,0.641842
0.41900003,0.64667
0.42000002,0.651056
0.42100003,0.65455
0.42200002,0.666786
0.423,0.671042
0.42400002,0.68126
0.425,0.676432
0.42600003,0.683966
0.42700002,0.688962
0.42800003,0.696092
0.42900002,0.70049
0.43,0.701974
0.43100002,0.71141
0.432,0.715634
0.43300003,0.72116
0.43400002,0.721038
0.43500003,0.730796
0.43600002,0.739842
0.437,0.734212
0.43800002,0.746272
0.439,0.748156
0.44000003,0.755678
0.441,0.757782
0.44200003,0.7624
0.44300002,0.763984
0.44400004,0.774148
0.44500002,0.776528
0.446,0.78214
0.44700003,0.784562
0.448,0.788128
0.44900003,0.793756
0.45000002,0.793644
0.45100003,0.796756
0.45200002,0.800006
0.453,0.802598
0.45400003,0.805728
0.455,0.810406
0.45600003,0.81285
0.45700002,0.817324
0.45800003,0.81959
0.45900002,0.823752
0.46,0.82975
0.46100003,0.834832
0.462,0.833854
0.46300003,0.840818
0.46400002,0.843888
0.46500003,0.84328
0.46600002,0.849678
0.467,0.848036
0.46800002,0.850798
0.469,0.849968
0.47000003,0.855288
0.47100002,0.859116
0.47200003,0.85889
0.47300002,0.86494
0.47400004,0.863632
0.47500002,0.86853
0.476,0.871022
0.47700003,0.873302
0.47800002,0.874024
0.47900003,0.87712
0.48000002,0.881084
0.48100004,0.88118
0.48200002,0.880322
0.483,0.885006
0.48400003,0.886478
0.485,0.890056
0.48600003,0.887682
0.48700002,0.891926
0.48800004,0.894456
0.48900002,0.893738
0.49,0.897
0.49100003,0.898342
0.492,0.898478
0.49300003,0.902686
0.49400002,0.903562
0.49500003,0.902416
0.49600002,0.90336
0.497,0.906424
0.49800003,0.908762
0.499,0.910982
0.5,0.911224
0.50100005,0.913238
0.50200003,0.912766
0.503,0.915486
0.504,0.917094
0.505,0.91802
0.50600004,0.91757
0.507,0.918778
0.508,0.920562
0.509,0.920974
0.51000005,0.923292
0.51100004,0.924342
0.512,0.924714
0.513,0.926066
0.514,0.9274
0.51500005,0.928618
0.51600003,0.929404
0.517,0.9287
0.518,0.930028
0.51900005,0.930782
0.52000004,0.932394
0.521,0.934194
0.522,0.934752
0.523,0.936016
0.52400005,0.936774
0.52500004,0.937584
0.526,0.938862
0.527,0.937972
0.528,0.939594
0.52900004,0.941062
0.53000003,0.940766
0.531,0.942046
0.532,0.942882
0.53300005,0.942978
0.53400004,0.944212
0.535,0.94422
0.536,0.944816
0.537,0.945374
0.53800005,0.946524
0.53900003,0.947822
0.54,0.948958
0.541,0.949346
0.54200006,0.949144
0.54300004,0.94953
0.544,0.950534
0.545,0.95108
0.546,0.951188
0.54700005,0.953174
0.54800004,0.953802
0.549,0.952944
0.55,0.954258
0.551,0.954608
0.55200005,0.955138
0.55300003,0.955502
0.554,0.955536
0.555,0.955956
0.55600005,0.957948
0.55700004,0.957146
0.558,0.958526
0.559,0.95824
0.56,0.959246
0.56100005,0.959342
0.56200004,0.960102
0.563,0.959988
0.564,0.960466
0.565,0.96113
0.56600004,0.961844
0.56700003,0.962612
0.568,0.96227
0.569,0.963168
0.57000005,0.963078
0.57100004,0.963436
0.572,0.96429
0.573,0.964744
0.574,0.964838
0.57500005,0.96537
0.57600003,0.966432
0.577,0.966148
0.578,0.966358
0.57900006,0.966362
0.58000004,0.966532
0.58100003,0.967974
0.582,0.967594
0.583,0.9678
0.58400005,0.968044
0.58500004,0.96836
0.586,0.969388
0.587,0.968854
0.588,0.969782
0.58900005,0.970172
0.59000003,0.970874
0.591,0.97157
0.592,0.971482
0.59300005,0.971438
0.59400004,0.97185
0.595,0.971812
0.596,0.972198
0.597,0.972386
0.59800005,0.973332
0.59900004,0.973676
0.6,0.97386
0.601,0.97386
0.60200006,0.974782
0.60300004,0.974098
0.60400003,0.974964
0.605,0.974594
0.606,0.975812
0.60700005,0.975744
0.60800004,0.975462
0.609,0.975986
0.61,0.976098
0.611,0.97652
0.61200005,0.976522
0.61300004,0.977116
0.614,0.976316
0.615,0.977654
0.61600006,0.977716
0.61700004,0.97809
0.61800003,0.97824
0.619,0.97843
0.62,0.978378
0.62100005,0.979168
0.62200004,0.978998
0.623,0.979226
0.624,0.979266
0.625,0.979498
0.62600005,0.97968
0.62700003,0.98
0.628,0.980456
0.629,0.979898
0.63000005,0.98068
0.63100004,0.98054
0.632,0.98094
0.633,0.98163
0.634,0.98194
0.63500005,0.981558
0.63600004,0.981638
0.637,0.98169
0.638,0.98229
0.63900006,0.982284
0.64000005,0.982428
0.64100003,0.98264
0.642,0.982738
0.643,0.98271
0.64400005,0.982942
0.64500004,0.9835
0.646,0.983468
0.647,0.983716
0.648,0.983708
0.64900005,0.983928
0.65000004,0.984442
0.651,0.984202
0.652,0.984506
0.65300006,0.984448
0.65400004,0.984668
0.65500003,0.984458
0.656,0.985182
0.657,0.985102
0.65800005,0.98541
0.65900004,0.985362
0.66,0.985786
0.661,0.985398
0.66200006,0.985818
0.66300005,0.985916
0.66400003,0.986162
0.665,0.986454
0.666,0.986052
0.66700006,0.986574
0.66800004,0.986922
0.669,0.986896
0.67,0.987262
0.671,0.986948
0.67200005,0.987264
0.67300004,0.987402
0.674,0.987356
0.675,0.987766
0.67600006,0.987904
0.67700005,0.987742
0.67800003,0.987894
0.679,0.988032
0.68,0.988122
0.68100005,0.988546
0.68200004,0.98835
0.683,0.988812
0.684,0.988574
0.68500006,0.988602
0.68600005,0.988734
0.68700004,0.989088
0.688,0.989226
0.689,0.989218
0.69000006,0.989442
0.69100004,0.98954
0.69200003,0.989636
0.693,0.989668
0.694,0.98972
0.69500005,0.989912
0.69600004,0.989706
0.697,0.989846
0.698,0.990098
0.69900006,0.990292
0.70000005,0.990278
0.70100003,0.990266
0.702,0.99042
0.703,0.990508
0.70400006,0.990528
0.70500004,0.99065
0.70600003,0.990766
0.707,0.991042
0.708,0.990814
0.70900005,0.991256
0.71000004,0.990922
0.711,0.99114
0.712,0.991298
0.71300006,0.991356
0.71400005,0.991276
0.71500003,0.991338
0.716,0.991524
0.717,0.991338
0.71800005,0.99183
0.71900004,0.99176
0.72,0.992014
0.721,0.992144
0.72200006,0.99169
0.72300005,0.992032
0.72400004,0.992116
0.725,0.992364
0.726,0.99224
0.72700006,0.992518
0.72800004,0.992424
0.72900003,0.992368
0.73,0.99251
0.731,0.992882
0.73200005,0.992912
0.73300004,0.992802
0.734,0.99274
0.735,0.992908
0.73600006,0.993234
0.73700005,0.993146
0.73800004,0.993186
0.739,0.993004
0.74,0.9932
0.74100006,0.993098
0.74200004,0.993488
0.74300003,0.993514
0.744,0.993444
0.74500006,0.993716
0.74600005,0.993396
0.74700004,0.99341
0.748,0.993892
0.749,0.99398
0.75000006,0.993706
0.75100005,0.99372
0.75200003,0.99378
0.753,0.993782
0.754,0.994066
0.75500005,0.993854
0.75600004,0.99429
0.757,0.994256
0.758,0.994178
0.75900006,0.994248
0.76000005,0.99417
0.76100004,0.994378
0.762,0.994426
0.763,0.994498
0.76400006,0.994668
0.76500005,0.994702
0.76600003,0.994634
0.767,0.99478
0.768,0.99456
0.76900005,0.994972
0.77000004,0.994662
0.771,0.995006
0.772,0.99482
0.77300006,0.995062
0.77400005,0.99532
0.77500004,0.995014
0.776,0.994968
0.777,0.995016
0.77800006,0.995234
0.77900004,0.995188
0.78000003,0.99498
0.781,0.99539
0.78200006,0.995576
0.78300005,0.995394
0.78400004,0.995368
0.785,0.995412
0.786,0.995392
0.78700006,0.995332
0.78800005,0.995564
0.78900003,0.99541
0.79,0.995652
0.791,0.995706
0.79200006,0.995786
0.79300004,0.995956
0.794,0.996104
0.795,0.995816
0.79600006,0.99578
0.79700005,0.995826
0.79800004,0.995988
0.799,0.996042
0.8,0.995952
0.80100006,0.995952
0.80200005,0.996116
0.80300003,0.996024
0.804,0.996116
0.80500007,0.996344
0.80600005,0.996076
0.80700004,0.996414
0.808,0.996344
0.809,0.996452
0.81000006,0.996456
0.81100005,0.996376
0.81200004,0.996322
0.813,0.996276
0.814,0.99635
0.81500006,0.996424
0.81600004,0.9967
0.81700003,0.996488
0.818,0.996534
0.81900007,0.996792
0.82000005,0.996766
0.82100004,0.99671
0.822,0.996672
0.823,0.996722
0.82400006,0.996782
0.82500005,0.996676
0.82600003,0.99683
0.827,0.997042
0.82800007,0.996922
0.82900006,0.996868
0.83000004,0.997034
0.83100003,0.996832
0.832,0.996984
0.83300006,0.99699
0.83400005,0.997114
0.83500004,0.997022
0.836,0.99714
0.837,0.9971
0.83800006,0.997224
0.83900005,0.997138
0.84000003,0.997196
0.841,0.997216
0.84200007,0.997266
0.84300005,0.997216
0.84400004,0.997326
0.845,0.997322
0.846,0.997502
0.84700006,0.997434
0.84800005,0.99738
0.84900004,0.997514
0.85,0.997468
0.851,0.997442
0.85200006,0.997486
0.85300004,0.99766
0.85400003,0.997562
0.855,0.99762
0.85600007,0.99755
0.85700005,0.997612
0.85800004,0.99755
0.859,0.997518
0.86,0.99776
0.86100006,0.997514
0.86200005,0.997528
0.86300004,0.997638
0.864,0.997648
0.86500007,0.997716
0.86600006,0.997812
0.86700004,0.997758
0.86800003,0.997908
0.869,0.997876
0.87000006,0.997942
0.87100005,0.99778
0.87200004,0.99787
0.873,0.997998
0.874,0.997826
0.87500006,0.997846
0.87600005,0.997938
0.87700003,0.998042
0.878,0.998036
0.87900007,0.99805
0.88000005,0.998048
0.88100004,0.998056
0.882,0.997996
0.883,0.99796
0.88400006,0.998032
0.88500005,0.998042
0.88600004,0.998058
0.887,0.998068
0.8880001,0.998128
0.88900006,0.99824
0.89000005,0.998212
0.89100003,0.998232
0.892,0.998084
0.89300007,0.998166
0.89400005,0.998198
0.89500004,0.998202
0.896,0.998352
0.897,0.998344
0.89800006,0.998374
0.89900005,0.998346
0.90000004,0.998342
0.901,0.998302
0.90200007,0.998292
0.90300006,0.998354
0.90400004,0.998408
0.90500003,0.99839
0.906,0.99834
0.90700006,0.998394
0.90800005,0.998438
0.90900004,0.9985
0.91,0.998538
0.9110001,0.998494
0.91200006,0.998582
0.91300005,0.998472
0.91400003,0.998492
0.915,0.998462
0.91600007,0.998522
0.91700006,0.998548
0.91800004,0.998576
0.919,0.998542
0.92,0.998614
0.92100006,0.998624
0.92200005,0.998624
0.92300004,0.998706
0.924,0.998704
0.9250001,0.99869
0.92600006,0.998602
0.92700005,0.998672
0.92800003,0.998664
0.929,0.99873
0.93000007,0.998724
0.93100005,0.998716
0.93200004,0.998726
0.933,0.998726
0.934,0.998724
0.93500006,0.99883
0.93600005,0.998682
0.93700004,0.998814
0.938,0.998692
0.93900007,0.998838
0.94000006,0.998842
0.94100004,0.99879
0.94200003,0.998828
0.943,0.99883
0.94400007,0.998794
0.94500005,0.998812
0.94600004,0.99888
0.947,0.998866
0.9480001,0.998886
0.94900006,0.998884
0.95000005,0.998892
0.95100003,0.99895
0.952,0.999018
0.95300007,0.998918
0.95400006,0.998922
0.95500004,0.998962
0.95600003,0.998894
0.957,0.999
0.95800006,0.99897
0.95900005,0.999048
0.96000004,0.998978
0.961,0.99907
0.9620001,0.99906
0.96300006,0.999004
0.96400005,0.99901
0.96500003,0.999068
0.966,0.998966
0.96700007,0.999084
0.96800005,0.999054
0.96900004,0.999066
0.97,0.999118
0.9710001,0.999064
0.97200006,0.999094
0.97300005,0.998998
0.97400004,0.999084
0.975,0.999138
0.9760001,0.999154
0.97700006,0.999184
0.97800004,0.999172
0.97900003,0.999104
0.98,0.999246
0.98100007,0.999222
0.98200005,0.999164
0.98300004,0.999052
0.984,0.999174
0.9850001,0.999158
0.98600006,0.999186
0.98700005,0.999212
0.98800004,0.99913
0.989,0.999196
0.99000007,0.999182
0.99100006,0.999244
0.99200004,0.999152
0.99300003,0.999266
0.994,0.999236
0.99500006,0.999212
0.99600005,0.999298
0.99700004,0.999354
0.998,0.999304
0.9990001,0.999234
1,0.999212
