beta,magnetization
0,0.03236736
0.001,0.03232448
0.002,0.032168
0.003,0.032296
0.004,0.03244256
0.0050000004,0.03225216
0.006,0.03238176
0.007,0.03258688
0.008,0.03241248
0.009000001,0.03266912
0.010000001,0.03245312
0.011000001,0.03293728
0.012,0.03275456
0.013,0.03232896
0.014,0.03325952
0.015000001,0.033208
0.016,0.03269376
0.017,0.03332224
0.018000001,0.03268864
0.019000001,0.03348352
0.020000001,0.03314848
0.021000002,0.032984
0.022000002,0.03356288
0.023000002,0.03336128
0.024,0.033256
0.025,0.0333664
0.026,0.03364736
0.027,0.0337456
0.028,0.03365728
0.029000001,0.0337024
0.030000001,0.0337328
0.031000001,0.0342448
0.032,0.03371552
0.033,0.03361856
0.034,0.03465536
0.035,0.03434496
0.036000002,0.03413024
0.037,0.03398272
0.038000003,0.03484768
0.039,0.03461632
0.040000003,0.03496384
0.041,0.035064
0.042000003,0.03516576
0.043,0.03517312
0.044000003,0.03504128
0.045,0.03540384
0.046000004,0.0354
0.047000002,0.0360368
0.048,0.03540704
0.049000002,0.03552224
0.05,0.0354048
0.051000003,0.03559104
0.052,0.03520864
0.053000003,0.03528704
0.054,0.0359312
0.055000003,0.03537792
0.056,0.03586304
0.057000004,0.03623648
0.058000002,0.03658432
0.059000004,0.03694976
0.060000002,0.03663424
0.061000004,0.0363648
0.062000003,0.036
0.063,0.03623936
0.064,0.03681024
0.065000005,0.03665856
0.066,0.03685888
0.067,0.03717568
0.068,0.0365392
0.069000006,0.0366592
0.07,0.03673568
0.071,0.03691584
0.072000004,0.03734784
0.07300001,0.03763264
0.074,0.0377792
0.075,0.0377616
0.076000005,0.03771136
0.07700001,0.03754784
0.078,0.03814816
0.079,0.0378992
0.080000006,0.03786112
0.081,0.03809312
0.082,0.0382
0.083000004,0.03811936
0.08400001,0.03926848
0.085,0.038256
0.086,0.03836448
0.087000005,0.03857504
0.08800001,0.03871648
0.089,0.03885824
0.09,0.03880896
0.091000006,0.03899552
0.09200001,0.03920256
0.093,0.03952576
0.094000004,0.0395056
0.095000006,0.03914528
0.096,0.03976992
0.097,0.03960544
0.098000005,0.03970528
0.09900001,0.0396288
0.1,0.03956768
0.101,0.03965408
0.102000006,0.03967584
0.10300001,0.04031072
0.104,0.0406224
0.105000004,0.04056704
0.106000006,0.04090848
0.10700001,0.04060736
0.108,0.04117664
0.109000005,0.0408352
0.11000001,0.04111296
0.11100001,0.04157312
0.112,0.04115168
0.113000005,0.04147136
0.11400001,0.04147648
0.115,0.04195008
0.116000004,0.04186944
0.117000006,0.0423216
0.11800001,0.04196064
0.119,0.042512
0.120000005,0.04221856
0.12100001,0.04163552
0.12200001,0.04260704
0.123,0.04196896
0.124000005,0.04233824
0.125,0.04309056
0.126,0.04290208
0.127,0.0435136
0.128,0.04286848
0.12900001,0.04337952
0.13000001,0.04343808
0.13100001,0.04320384
0.132,0.04335968
0.133,0.04327392
0.134,0.04383584
0.135,0.04401056
0.136,0.04412512
0.13700001,0.0443872
0.13800001,0.04426816
0.13900001,0.0449504
0.14,0.04471712
0.141,0.04453568
0.142,0.04506944
0.143,0.04498656
0.14400001,0.04447072
0.14500001,0.04566304
0.14600001,0.04548352
0.147,0.04545632
0.148,0.04500544
0.149,0.04621824
0.15,0.04563616
0.15100001,0.04569664
0.15200001,0.04575264
0.15300001,0.04595648
0.15400001,0.04633536
0.155,0.04654592
0.156,0.04696672
0.157,0.04744608
0.158,0.04703456
0.15900001,0.047312
0.16000001,0.04704672
0.16100001,0.04772608
0.162,0.04817408
0.163,0.04778912
0.164,0.04832384
0.165,0.04855104
0.16600001,0.04776864
0.16700001,0.04863168
0.16800001,0.04848288
0.16900001,0.04848768
0.17,0.04920896
0.171,0.04894944
0.172,0.04925536
0.17300001,0.04900384
0.17400001,0.04887648
0.17500001,0.0500192
0.17600001,0.05017472
0.177,0.05021888
0.178,0.04949408
0.179,0.05026144
0.18,0.05000352
0.18100001,0.05007552
0.18200001,0.05043968
0.18300001,0.05108224
0.18400002,0.05116704
0.185,0.05211424
0.186,0.05143808
0.187,0.05194624
0.18800001,0.05223872
0.18900001,0.05207552
0.19000001,0.05203488
0.19100001,0.05266688
0.192,0.0526768
0.193,0.05183168
0.194,0.05266368
0.19500001,0.05316576
0.19600001,0.05341632
0.19700001,0.0533584
0.19800001,0.0526576
0.19900002,0.05342784
0.2,0.05432448
0.201,0.05446048
0.202,0.05447808
0.20300001,0.05392736
0.20400001,0.05466656
0.20500001,0.05451552
0.20600002,0.05514944
0.20700002,0.05568832
0.208,0.055272
0.209,0.05492672
0.21000001,0.05595328
0.21100001,0.05609152
0.21200001,0.05573472
0.21300001,0.05606208
0.21400002,0.057336
0.215,0.05673056
0.216,0.05609344
0.21700001,0.05784832
0.21800001,0.057624
0.21900001,0.05824384
0.22000001,0.05767104
0.22100002,0.05845056
0.22200002,0.05882752
0.223,0.05824768
0.224,0.0595936
0.22500001,0.05959552
0.22600001,0.05980608
0.22700001,0.06040064
0.22800002,0.05940576
0.22900002,0.06025696
0.23,0.05985088
0.231,0.06147424
0.23200001,0.06136896
0.23300001,0.06135296
0.23400001,0.06135776
0.23500001,0.0624592
0.23600002,0.06271296
0.23700002,0.06190528
0.238,0.06340448
0.23900001,0.06265152
0.24000001,0.0630064
0.24100001,0.06397024
0.24200001,0.06391424
0.24300002,0.06378656
0.24400002,0.06492704
0.245,0.06468864
0.246,0.06413984
0.24700001,0.064016
0.24800001,0.06603104
0.24900001,0.06627712
0.25,0.06585408
0.25100002,0.06679072
0.252,0.06670656
0.25300002,0.06748
0.254,0.06704576
0.25500003,0.06710752
0.256,0.06816864
0.257,0.06888704
0.25800002,0.06851008
0.259,0.06922592
0.26000002,0.06913312
0.261,0.06990176
0.26200002,0.06905312
0.263,0.0711488
0.264,0.07127072
0.26500002,0.07084672
0.266,0.07081952
0.26700002,0.07161568
0.268,0.07174368
0.26900002,0.07217344
0.27,0.07203168
0.27100003,0.07257216
0.272,0.07389056
0.273,0.07385568
0.27400002,0.07408576
0.275,0.07371072
0.27600002,0.07534976
0.277,0.07580896
0.27800003,0.0754064
0.279,0.07485152
0.28,0.07649728
0.28100002,0.07752448
0.282,0.07749952
0.28300002,0.07794208
0.284,0.07766112
0.28500003,0.07934336
0.286,0.07918016
0.287,0.0803376
0.28800002,0.07984224
0.289,0.08196064
0.29000002,0.08029024
0.291,0.0803968
0.29200003,0.0821984
0.293,0.08138816
0.294,0.08214912
0.29500002,0.08199872
0.296,0.08344512
0.29700002,0.08364544
0.298,0.08574016
0.29900002,0.08626464
0.3,0.08656928
0.30100003,0.0859792
0.30200002,0.08773792
0.303,0.08788224
0.30400002,0.088136
0.305,0.08810464
0.30600002,0.09075008
0.307,0.09121824
0.30800003,0.090104
0.30900002,0.09023872
0.31,0.0908992
0.31100002,0.09418912
0.312,0.0933296
0.31300002,0.09254208
0.314,0.093472
0.31500003,0.0945024
0.316,0.09626208
0.317,0.09536384
0.31800002,0.09749728
0.319,0.09750848
0.32000002,0.09966272
0.321,0.09826816
0.32200003,0.0990224
0.323,0.09865952
0.324,0.10136352
0.32500002,0.10237664
0.326,0.10329376
0.32700002,0.105392
0.328,0.10294944
0.32900003,0.10482912
0.33,0.10524416
0.33100003,0.10923456
0.33200002,0.10627296
0.333,0.10992928
0.33400002,0.11134112
0.335,0.11236064
0.33600003,0.11004704
0.337,0.11083616
0.33800003,0.11299392
0.33900002,0.11455104
0.34,0.11368224
0.34100002,0.11623328
0.342,0.11863968
0.34300002,0.11777664
0.344,0.12029088
0.34500003,0.12198944
0.34600002,0.12312512
0.347,0.1252384
0.34800002,0.12260896
0.349,0.12405088
0.35000002,0.12822656
0.351,0.12835136
0.35200003,0.13491456
0.35300002,0.126992
0.354,0.13231648
0.35500002,0.13270816
0.356,0.13033952
0.35700002,0.13624544
0.358,0.13586752
0.35900003,0.14352256
0.36,0.14285408
0.36100003,0.1451792
0.36200002,0.14279072
0.363,0.14577344
0.36400002,0.14696896
0.365,0.14781792
0.36600003,0.15128832
0.367,0.15698624
0.36800003,0.15227104
0.36900002,0.15334688
0.37,0.16244672
0.37100002,0.15967392
0.372,0.15498432
0.37300003,0.16650912
0.374,0.16889568
0.37500003,0.16249536
0.37600002,0.17170336
0.377,0.1726112
0.37800002,0.1721696
0.379,0.17127456
0.38000003,0.17912224
0.381,0.1817968
0.38200003,0.192672
0.38300002,0.18684096
0.384,0.19134592
0.38500002,0.19269248
0.386,0.2023136
0.38700002,0.21185248
0.388,0.21019424
0.38900003,0.20685856
0.39000002,0.21452928
0.39100003,0.21344128
0.39200002,0.21451584
0.393,0.23087104
0.39400002,0.23652672
0.395,0.23331776
0.39600003,0.22773536
0.397,0.25152224
0.39800003,0.25844736
0.39900002,0.24283616
0.4,0.25000512
0.40100002,0.2622992
0.402,0.26786752
0.40300003,0.27182752
0.404,0.27382208
0.40500003,0.27620288
0.40600002,0.291184
0.407,0.31397952
0.40800002,0.31024896
0.409,0.3206672
0.41000003,0.33881056
0.411,0.33188224
0.41200003,0.33844864
0.41300002,0.35234816
0.41400003,0.35152352
0.41500002,0.37579296
0.416,0.36157312
0.41700003,0.3973104
0.418,0.40589184
0.41900003,0.43784544
0.42000002,0.42062944
0.42100003,0.46920512
0.42200002,0.47177408
0.423,0.45779104
0.42400002,0.4801712
0.425,0.4809584
0.42600003,0.50754176
0.42700002,0.5050768
0.42800003,0.51401664
0.42900002,0.53263104
0.43,0.57657376
0.43100002,0.55332096
0.432,0.57808768
0.43300003,0.57682368
0.43400002,0.60315392
0.43500003,0.6022816
0.43600002,0.63378272
0.437,0.61721952
0.43800002,0.64442496
0.439,0.66856608
0.44000003,0.64847328
0.441,0.69366912
0.44200003,0.6988656
0.44300002,0.7078288
0.44400004,0.7136624
0.44500002,0.708752
0.446,0.74353696
0.44700003,0.73446304
0.448,0.738304
0.44900003,0.74435488
0.45000002,0.76725632
0.45100003,0.7702064
0.45200002,0.76978784
0.453,0.77548192
0.45400003,0.781152
0.455,0.78884352
0.45600003,0.79012608
0.45700002,0.7969008
0.45800003,0.80324416
0.45900002,0.8112544
0.46,0.81123232
0.46100003,0.81611488
0.462,0.82542656
0.46300003,0.82678016
0.46400002,0.8306528
0.46500003,0.82917408
0.46600002,0.83340032
0.467,0.84323968
0.46800002,0.84188544
0.469,0.85009184
0.47000003,0.85423104
0.47100002,0.858536
0.47200003,0.85996832
0.47300002,0.8579952
0.47400004,0.86414208
0.47500002,0.86632224
0.476,0.86704256
0.47700003,0.8716064
0.47800002,0.86886304
0.47900003,0.87495424
0.48000002,0.87815904
0.48100004,0.87891104
0.48200002,0.88419104
0.483,0.8847232
0.48400003,0.8864304
0.485,0.88818208
0.48600003,0.88983232
0.48700002,0.89295776
0.48800004,0.89495712
0.48900002,0.89350976
0.49,0.8975168
0.49100003,0.89848
0.492,0.9001072
0.49300003,0.90107552
0.49400002,0.90289152
0.49500003,0.90337088
0.49600002,0.90311584
0.497,0.90645504
0.49800003,0.90777632
0.499,0.90985184
0.5,0.91130272
0.50100005,0.91410272
0.50200003,0.91369952
0.503,0.91496864
0.504,0.91612096
0.505,0.9174448
0.50600004,0.91889152
0.507,0.92026464
0.508,0.92188928
0.509,0.92193216
0.51000005,0.92371072
0.51100004,0.92411936
0.512,0.92413472
0.513,0.92643072
0.514,0.92698784
0.51500005,0.92857376
0.51600003,0.92986976
0.517,0.9301712
0.518,0.9311312
0.51900005,0.9322032
0.52000004,0.93302464
0.521,0.93328672
0.522,0.93507744
0.523,0.9351648
0.52400005,0.9365456
0.52500004,0.93704128
0.526,0.93762976
0.527,0.93871392
0.528,0.9388784
0.52900004,0.93981728
0.53000003,0.94173632
0.531,0.94257664
0.532,0.9421744
0.53300005,0.94325472
0.53400004,0.94432608
0.535,0.94516
0.536,0.9456128
0.537,0.94615808
0.53800005,0.94717216
0.53900003,0.94698784
0.54,0.94804416
0.541,0.94912
0.54200006,0.94930784
0.54300004,0.94974528
0.544,0.95038784
0.545,0.95151136
0.546,0.95136672
0.54700005,0.95214912
0.54800004,0.9528096
0.549,0.95350144
0.55,0.95403296
0.551,0.95459904
0.55200005,0.95543936
0.55300003,0.9555968
0.554,0.95582112
0.555,0.95660288
0.55600005,0.95630912
0.55700004,0.95755392
0.558,0.95819104
0.559,0.95829632
0.56,0.95864352
0.56100005,0.95926752
0.56200004,0.9599984
0.563,0.96059488
0.564,0.96072672
0.565,0.96130816
0.56600004,0.96178496
0.56700003,0.96233536
0.568,0.96285824
0.569,0.9629536
0.57000005,0.96339168
0.57100004,0.96380256
0.572,0.96430208
0.573,0.96473824
0.574,0.96463968
0.57500005,0.96570016
0.57600003,0.96591392
0.577,0.96598048
0.578,0.96648224
0.57900006,0.96682048
0.58000004,0.9673728
0.58100003,0.96745184
0.582,0.96787488
0.583,0.96807904
0.58400005,0.96881216
0.58500004,0.9687712
0.586,0.96930112
0.587,0.96934048
0.588,0.96997312
0.58900005,0.97031872
0.59000003,0.9708608
0.591,0.9711328
0.592,0.97139776
0.59300005,0.97171456
0.59400004,0.97165984
0.595,0.97221408
0.596,0.9722272
0.597,0.97251392
0.59800005,0.97279872
0.59900004,0.97322656
0.6,0.97333984
0.601,0.97372896
0.60200006,0.97389792
0.60300004,0.97438112
0.60400003,0.97468128
0.605,0.97492
0.606,0.9752928
0.60700005,0.97567392
0.60800004,0.975552
0.609,0.97620224
0.61,0.97628032
0.611,0.97656544
0.61200005,0.9767552
0.61300004,0.97698656
0.614,0.97727936
0.615,0.97739744
0.61600006,0.97776064
0.61700004,0.9780752
0.61800003,0.97795232
0.619,0.97826304
0.62,0.9787248
0.62100005,0.97896896
0.62200004,0.97899968
0.623,0.97911616
0.624,0.97917088
0.625,0.9796016
0.62600005,0.98000448
0.62700003,0.98004288
0.628,0.98015648
0.629,0.980352
0.63000005,0.98061216
0.63100004,0.98067616
0.632,0.9810864
0.633,0.9812048
0.634,0.98157216
0.63500005,0.98166016
0.63600004,0.98179744
0.637,0.9819488
0.638,0.98231904
0.63900006,0.98240736
0.64000005,0.9822176
0.64100003,0.982744
0.642,0.98273536
0.643,0.98305344
0.64400005,0.98304768
0.64500004,0.98343808
0.646,0.98361088
0.647,0.98376704
0.648,0.98380768
0.64900005,0.98403168
0.65000004,0.98409568
0.651,0.98438432
0.652,0.98445632
0.65300006,0.984544
0.65400004,0.98459584
0.65500003,0.98489568
0.656,0.9849616
0.657,0.9850752
0.65800005,0.98546752
0.65900004,0.98541344
0.66,0.985488
0.661,0.98574624
0.66200006,0.98605568
0.66300005,0.98604128
0.66400003,0.98613088
0.665,0.98623264
0.666,0.98648512
0.66700006,0.98654144
0.66800004,0.98653216
0.669,0.98672544
0.67,0.98694688
0.671,0.98702944
0.67200005,0.9871504
0.67300004,0.987272
0.674,0.98752256
0.675,0.98755072
0.67600006,0.98762048
0.67700005,0.98762272
0.67800003,0.98788544
0.679,0.98795488
0.68,0.98817408
0.68100005,0.98828896
0.68200004,0.98830976
0.683,0.98851552
0.684,0.9885568
0.68500006,0.98868512
0.68600005,0.9888592
0.68700004,0.98891648
0.688,0.98899456
0.689,0.98902528
0.69000006,0.98927136
0.69100004,0.98922784
0.69200003,0.98928544
0.693,0.9894144
0.694,0.98961856
0.69500005,0.98980832
0.69600004,0.98984032
0.697,0.9899296
0.698,0.98997824
0.69900006,0.99001664
0.70000005,0.99025408
0.70100003,0.9901376
0.702,0.99041248
0.703,0.9902944
0.70400006,0.99045504
0.70500004,0.99064288
0.70600003,0.99057888
0.707,0.99079808
0.708,0.99085344
0.70900005,0.99097504
0.71000004,0.99105376
0.711,0.9912096
0.712,0.99113632
0.71300006,0.99132448
0.71400005,0.99137952
0.71500003,0.99147616
0.716,0.99147456
0.717,0.99167936
0.71800005,0.99160032
0.71900004,0.99186592
0.72,0.99182912
0.721,0.99202016
0.72200006,0.99204256
0.72300005,0.99199744
0.72400004,0.9921232
0.725,0.99213536
0.726,0.992344
0.72700006,0.9923776
0.72800004,0.99237344
0.72900003,0.99244416
0.73,0.99255168
0.731,0.992616
0.73200005,0.99262176
0.73300004,0.99281792
0.734,0.9927552
0.735,0.99292256
0.73600006,0.99309856
0.73700005,0.9930368
0.73800004,0.99307552
0.739,0.9931536
0.74,0.99310688
0.74100006,0.99324288
0.74200004,0.9932656
0.74300003,0.99331072
0.744,0.99347776
0.74500006,0.99348864
0.74600005,0.99347872
0.74700004,0.99364288
0.748,0.99374752
0.749,0.99371296
0.75000006,0.99374592
0.75100005,0.99387616
0.75200003,0.99388576
0.753,0.99407296
0.754,0.99403744
0.75500005,0.99406976
0.75600004,0.99417408
0.757,0.99417408
0.758,0.99420736
0.75900006,0.99423104
0.76000005,0.99438624
0.76100004,0.99441824
0.762,0.99443776
0.763,0.9944624
0.76400006,0.99442592
0.76500005,0.99459488
0.76600003,0.99459872
0.767,0.99464128
0.768,0.99477344
0.76900005,0.99470112
0.77000004,0.99479968
0.771,0.99491648
0.772,0.99487104
0.77300006,0.99479552
0.77400005,0.99496704
0.77500004,0.9950432
0.776,0.99509632
0.777,0.99507872
0.77800006,0.9951328
0.77900004,0.99516672
0.78000003,0.99520032
0.781,0.9953152
0.78200006,0.99536576
0.78300005,0.9953728
0.78400004,0.99538496
0.785,0.99546496
0.786,0.99549568
0.78700006,0.99556608
0.78800005,0.99557824
0.78900003,0.9956112
0.79,0.9956592
0.791,0.9956608
0.79200006,0.99574944
0.79300004,0.99586208
0.794,0.99580832
0.795,0.99584736
0.79600006,0.99583872
0.79700005,0.99587712
0.79800004,0.99593536
0.799,0.99595936
0.8,0.99601376
0.80100006,0.9960528
0.80200005,0.99607168
0.80300003,0.99605856
0.804,0.99611392
0.80500007,0.9962016
0.80600005,0.99622016
0.80700004,0.99625792
0.808,0.99631776
0.809,0.99636288
0.81000006,0.99635648
0.81100005,0.99636928
0.81200004,0.99636128
0.813,0.99644032
0.814,0.9964896
0.81500006,0.99646112
0.81600004,0.99657312
0.81700003,0.99657248
0.818,0.99660832
0.81900007,0.99658912
0.82000005,0.99671456
0.82100004,0.99662304
0.822,0.99667968
0.823,0.99672832
0.82400006,0.9967968
0.82500005,0.99674624
0.82600003,0.996776
0.827,0.9968416
0.82800007,0.99688192
0.82900006,0.99689056
0.83000004,0.99692352
0.83100003,0.99702432
0.832,0.9970528
0.83300006,0.99699264
0.83400005,0.99707968
0.83500004,0.9970736
0.836,0.9971408
0.837,0.99716576
0.83800006,0.99710048
0.83900005,0.99714112
0.84000003,0.997232
0.841,0.99720192
0.84200007,0.99727808
0.84300005,0.99724
0.84400004,0.99722336
0.845,0.99731328
0.846,0.99731904
0.84700006,0.99741568
0.84800005,0.99733824
0.84900004,0.99743584
0.85,0.99742432
0.851,0.997448
0.85200006,0.99749472
0.85300004,0.99747616
0.85400003,0.99751552
0.855,0.9975312
0.85600007,0.99753568
0.85700005,0.99756544
0.85800004,0.9976256
0.859,0.99759456
0.86,0.99766464
0.86100006,0.99767232
0.86200005,0.99765472
0.86300004,0.99770816
0.864,0.99773856
0.86500007,0.99776512
0.86600006,0.99774656
0.86700004,0.99776864
0.86800003,0.99783584
0.869,0.99778976
0.87000006,0.99787168
0.87100005,0.99787104
0.87200004,0.99785472
0.873,0.99785408
0.874,0.9979568
0.87500006,0.99795808
0.87600005,0.99797792
0.87700003,0.99802272
0.878,0.9979808
0.87900007,0.99801408
0.88000005,0.99797184
0.88100004,0.99800384
0.882,0.99801344
0.883,0.99805984
0.88400006,0.998088
0.88500005,0.99810112
0.88600004,0.99809024
0.887,0.99810624
0.8880001,0.99812768
0.88900006,0.99815936
0.89000005,0.99812128
0.89100003,0.99818208
0.892,0.99821248
0.89300007,0.99820064
0.89400005,0.998272
0.89500004,0.99826784
0.896,0.99827744
0.897,0.99830688
0.89800006,0.9982848
0.89900005,0.99831808
0.90000004,0.99830848
0.901,0.99832928
0.90200007,0.99837728
0.90300006,0.99833248
0.90400004,0.99832672
0.90500003,0.99839808
0.906,0.99843808
0.90700006,0.99841152
0.90800005,0.998424
0.90900004,0.99845792
0.91,0.99846624
0.9110001,0.99850432
0.91200006,0.99847584
0.91300005,0.9984416
0.91400003,0.99850048
0.915,0.998552
0.91600007,0.998568
0.91700006,0.9985584
0.91800004,0.99856352
0.919,0.99856512
0.92,0.99858464
0.92100006,0.99860288
0.92200005,0.99857472
0.92300004,0.998616
0.924,0.99860128
0.9250001,0.99866624
0.92600006,0.99861824
0.92700005,0.99867168
0.92800003,0.99869632
0.929,0.99867296
0.93000007,0.99868576
0.93100005,0.99874048
0.93200004,0.99870528
0.933,0.9987056
0.934,0.99876832
0.93500006,0.9987536
0.93600005,0.99877696
0.93700004,0.99876224
0.938,0.99881696
0.93900007,0.9988096
0.94000006,0.99882048
0.94100004,0.99882464
0.94200003,0.99880768
0.943,0.99882208
0.94400007,0.99884448
0.94500005,0.9988176
0.94600004,0.99886048
0.947,0.99884512
0.9480001,0.99889952
0.94900006,0.99891328
0.95000005,0.99887712
0.95100003,0.99890656
0.952,0.99892864
0.95300007,0.9989584
0.95400006,0.99890688
0.95500004,0.9989792
0.95600003,0.99893248
0.957,0.99894656
0.95800006,0.99894496
0.95900005,0.99897568
0.96000004,0.99900448
0.961,0.99903296
0.9620001,0.999
0.96300006,0.99903584
0.96400005,0.9990128
0.96500003,0.99904064
0.966,0.999024
0.96700007,0.99900704
0.96800005,0.99905504
0.96900004,0.99906048
0.97,0.99908672
0.9710001,0.99908064
0.97200006,0.99908192
0.97300005,0.99909824
0.97400004,0.99908352
0.975,0.9991104
0.9760001,0.99912288
0.97700006,0.99911072
0.97800004,0.99913088
0.97900003,0.99914112
0.98,0.99917632
0.98100007,0.9991584
0.98200005,0.9991184
0.98300004,0.99917728
0.984,0.99916768
0.9850001,0.9991632
0.98600006,0.9991968
0.98700005,0.99916512
0.98800004,0.99916032
0.989,0.99920128
0.99000007,0.99921184
0.99100006,0.99925216
0.99200004,0.99921792
0.99300003,0.99925024
0.994,0.99923424
0.99500006,0.99922304
0.99600005,0.99926816
0.99700004,0.9992544
0.998,0.99926592
0.9990001,0.99927776
1,0.9992672
