beta,magnetization
0,0.01593664
0.001,0.01590256
0.002,0.01598144
0.003,0.01602744
0.004,0.01613192
0.0050000004,0.01577592
0.006,0.01621384
0.007,0.01613728
0.008,0.01598832
0.009000001,0.01613064
0.010000001,0.0163804
0.011000001,0.01603944
0.012,0.01623784
0.013,0.01629616
0.014,0.01634296
0.015000001,0.01635296
0.016,0.01642736
0.017,0.0165532
0.018000001,0.01661408
0.019000001,0.0165856
0.020000001,0.01662192
0.021000002,0.0166
0.022000002,0.01675768
0.023000002,0.01686904
0.024,0.01666288
0.025,0.01685864
0.026,0.01686
0.027,0.01644272
0.028,0.01681312
0.029000001,0.01693536
0.030000001,0.01708736
0.031000001,0.01703176
0.032,0.01726912
0.033,0.0169288
0.034,0.01702352
0.035,0.01701368
0.036000002,0.01710552
0.037,0.01725632
0.038000003,0.01706344
0.039,0.01714008
0.040000003,0.01746552
0.041,0.01745088
0.042000003,0.01737992
0.043,0.01734008
0.044000003,0.01749736
0.045,0.01768136
0.046000004,0.0175296
0.047000002,0.01772296
0.048,0.01754376
0.049000002,0.017818
0.05,0.01758096
0.051000003,0.0176068
0.052,0.01757392
0.053000003,0.01784176
0.054,0.01782672
0.055000003,0.01798912
0.056,0.01796256
0.057000004,0.01779744
0.058000002,0.01828848
0.059000004,0.01833168
0.060000002,0.01811552
0.061000004,0.01816368
0.062000003,0.01821664
0.063,0.01817552
0.064,0.01857184
0.065000005,0.01852384
0.066,0.01826584
0.067,0.018308
0.068,0.0185292
0.069000006,0.0185056
0.07,0.01865104
0.071,0.01882424
0.072000004,0.01865192
0.07300001,0.01884632
0.074,0.01878976
0.075,0.01883152
0.076000005,0.01872848
0.07700001,0.01888296
0.078,0.01853264
0.079,0.01893208
0.080000006,0.01911672
0.081,0.01930032
0.082,0.0190744
0.083000004,0.01946352
0.08400001,0.01918512
0.085,0.0191932
0.086,0.01921736
0.087000005,0.01914696
0.08800001,0.01938904
0.089,0.01943008
0.09,0.01962
0.091000006,0.01942192
0.09200001,0.01956456
0.093,0.019662
0.094000004,0.01959864
0.095000006,0.0198472
0.096,0.01974672
0.097,0.01981944
0.098000005,0.01985232
0.09900001,0.02002656
0.1,0.01983648
0.101,0.02004208
0.102000006,0.0201328
0.10300001,0.02019136
0.104,0.02037664
0.105000004,0.02010888
0.106000006,0.02015792
0.10700001,0.02038448
0.108,0.02041544
0.109000005,0.02056464
0.11000001,0.02025256
0.11100001,0.02049072
0.112,0.020752
0.113000005,0.02061488
0.11400001,0.02091232
0.115,0.02101352
0.116000004,0.0208988
0.117000006,0.02054616
0.11800001,0.02079136
0.119,0.02089504
0.120000005,0.02069672
0.12100001,0.02104552
0.12200001,0.02125584
0.123,0.02121704
0.124000005,0.02084216
0.125,0.02139184
0.126,0.02141016
0.127,0.02146648
0.128,0.02132224
0.12900001,0.02142016
0.13000001,0.021754
0.13100001,0.02194296
0.132,0.02160048
0.133,0.02195432
0.134,0.0220716
0.135,0.0219696
0.136,0.02237568
0.13700001,0.02230112
0.13800001,0.02233472
0.13900001,0.02199664
0.14,0.02259928
0.141,0.02249152
0.142,0.02248024
0.143,0.0226164
0.14400001,0.02219
0.14500001,0.02255584
0.14600001,0.02293536
0.147,0.02275912
0.148,0.02290848
0.149,0.0227328
0.15,0.02328376
0.15100001,0.02277216
0.15200001,0.0228852
0.15300001,0.02320512
0.15400001,0.02333152
0.155,0.02330864
0.156,0.02318808
0.157,0.02331288
0.158,0.02369032
0.15900001,0.02356816
0.16000001,0.02387896
0.16100001,0.02385016
0.162,0.02419288
0.163,0.02448776
0.164,0.02407768
0.165,0.0238744
0.16600001,0.02437264
0.16700001,0.02428656
0.16800001,0.02445056
0.16900001,0.02435528
0.17,0.02433448
0.171,0.02452632
0.172,0.02456392
0.17300001,0.0245612
0.17400001,0.02503728
0.17500001,0.02496752
0.17600001,0.02479472
0.177,0.02513232
0.178,0.02466592
0.179,0.0252444
0.18,0.02529528
0.18100001,0.0252972
0.18200001,0.02481248
0.18300001,0.0252496
0.18400002,0.02539016
0.185,0.0257648
0.186,0.02616984
0.187,0.02561304
0.18800001,0.02588584
0.18900001,0.0263724
0.19000001,0.0263536
0.19100001,0.02618944
0.192,0.02600104
0.193,0.02637032
0.194,0.02656608
0.19500001,0.02657408
0.19600001,0.0265604
0.19700001,0.02684976
0.19800001,0.02700248
0.19900002,0.02690256
0.2,0.02653768
0.201,0.0271964
0.202,0.02684872
0.20300001,0.027448
0.20400001,0.02768784
0.20500001,0.02725832
0.20600002,0.02782864
0.20700002,0.0275124
0.208,0.02753024
0.209,0.02813216
0.21000001,0.02837848
0.21100001,0.02794632
0.21200001,0.02830248
0.21300001,0.02842208
0.21400002,0.02826408
0.215,0.02844296
0.216,0.02879976
0.21700001,0.02873456
0.21800001,0.0287704
0.21900001,0.0287384
0.22000001,0.02893408
0.22100002,0.0296696
0.22200002,0.02917648
0.223,0.02894584
0.224,0.02893192
0.22500001,0.02998672
0.22600001,0.03009192
0.22700001,0.02963184
0.22800002,0.02976032
0.22900002,0.02938328
0.23,0.03033144
0.231,0.03069624
0.23200001,0.0305596
0.23300001,0.03145328
0.23400001,0.03085816
0.23500001,0.0308712
0.23600002,0.03164704
0.23700002,0.03069968
0.238,0.03093864
0.23900001,0.03183008
0.24000001,0.03173432
0.24100001,0.03137504
0.24200001,0.03159256
0.24300002,0.03180032
0.24400002,0.03204448
0.245,0.03204984
0.246,0.03375144
0.24700001,0.03296704
0.24800001,0.03311312
0.24900001,0.03277792
0.25,0.03212336
0.25100002,0.03326408
0.252,0.03357368
0.25300002,0.03366032
0.254,0.03309832
0.25500003,0.0331384
0.256,0.0336588
0.257,0.03281352
0.25800002,0.033642
0.259,0.0339712
0.26000002,0.03533928
0.261,0.03489056
0.26200002,0.03534192
0.263,0.03528856
0.264,0.03437616
0.26500002,0.03510272
0.266,0.0351768
0.26700002,0.03631992
0.268,0.03640056
0.26900002,0.03519448
0.27,0.03650352
0.27100003,0.03754264
0.272,0.03723432
0.273,0.03690064
0.27400002,0.03791176
0.275,0.03794408
0.27600002,0.03830376
0.277,0.038974
0.27800003,0.03851952
0.279,0.03787248
0.28,0.0383788
0.28100002,0.03788032
0.282,0.03828832
0.28300002,0.0380384
0.284,0.03821144
0.28500003,0.03940576
0.286,0.03832752
0.287,0.03923056
0.28800002,0.04095736
0.289,0.04042808
0.29000002,0.04071632
0.291,0.04189872
0.29200003,0.04033576
0.293,0.04201968
0.294,0.04244088
0.29500002,0.0431756
0.296,0.04203624
0.29700002,0.04357088
0.298,0.04238616
0.29900002,0.0428532
0.3,0.04195848
0.30100003,0.04295856
0.30200002,0.04361688
0.303,0.0449088
0.30400002,0.04312792
0.305,0.0434568
0.30600002,0.04346968
0.307,0.04519792
0.30800003,0.04604688
0.30900002,0.04736856
0.31,0.046504
0.31100002,0.04685624
0.312,0.04561768
0.31300002,0.0449452
0.314,0.0483568
0.31500003,0.04796152
0.316,0.04986936
0.317,0.04818896
0.31800002,0.04858096
0.319,0.04904408
0.32000002,0.05042
0.321,0.04852856
0.32200003,0.05217248
0.323,0.05064424
0.324,0.05134832
0.32500002,0.05153168
0.326,0.04964616
0.32700002,0.05013864
0.328,0.05261152
0.32900003,0.05393312
0.33,0.05475768
0.33100003,0.05155336
0.33200002,0.05181528
0.333,0.05351896
0.33400002,0.05250664
0.335,0.05579024
0.33600003,0.05382224
0.337,0.05690648
0.33800003,0.0559276
0.33900002,0.05702696
0.34,0.05923368
0.34100002,0.05964488
0.342,0.0582412
0.34300002,0.0583516
0.344,0.06116608
0.34500003,0.05951992
0.34600002,0.06243616
0.347,0.06031368
0.34800002,0.06394168
0.349,0.06308472
0.35000002,0.06533168
0.351,0.06689368
0.35200003,0.06221248
0.35300002,0.06389064
0.354,0.069
0.35500002,0.063656
0.356,0.06836496
0.35700002,0.06594984
0.358,0.06778128
0.35900003,0.07079432
0.36,0.07136296
0.36100003,0.06765904
0.36200002,0.07428656
0.363,0.07199472
0.36400002,0.0708272
0.365,0.07042064
0.36600003,0.07295272
0.367,0.07689904
0.36800003,0.07551088
0.36900002,0.078528
0.37,0.08075128
0.37100002,0.08361008
0.372,0.07683696
0.37300003,0.0811352
0.374,0.08423248
0.37500003,0.07883952
0.37600002,0.08828112
0.377,0.08481408
0.37800002,0.0882156
0.379,0.08963288
0.38000003,0.08615664
0.381,0.09296464
0.38200003,0.08510168
0.38300002,0.0896948
0.384,0.09643408
0.38500002,0.10277792
0.386,0.10109088
0.38700002,0.09640608
0.388,0.10162368
0.38900003,0.09548976
0.39000002,0.10096432
0.39100003,0.09927696
0.39200002,0.11010496
0.393,0.10710552
0.39400002,0.10803744
0.395,0.1090916
0.39600003,0.1198904
0.397,0.10636472
0.39800003,0.1162364
0.39900002,0.12533488
0.4,0.12274896
0.40100002,0.1304172
0.402,0.13110928
0.40300003,0.13190088
0.404,0.13971064
0.40500003,0.1319476
0.40600002,0.13990496
0.407,0.14211008
0.40800002,0.14893312
0.409,0.16468176
0.41000003,0.17757216
0.411,0.15456688
0.41200003,0.1533668
0.41300002,0.19088288
0.41400003,0.16798648
0.41500002,0.21941208
0.416,0.18308328
0.41700003,0.2007088
0.418,0.19934616
0.41900003,0.20064296
0.42000002,0.25123448
0.42100003,0.18407184
0.42200002,0.2625416
0.423,0.29059496
0.42400002,0.18108752
0.425,0.2045164
0.42600003,0.33180488
0.42700002,0.22818144
0.42800003,0.41526752
0.42900002,0.31597552
0.43,0.42541776
0.43100002,0.44232864
0.432,0.3818308
0.43300003,0.40875072
0.43400002,0.48922136
0.43500003,0.47412184
0.43600002,0.5796004
0.437,0.59519464
0.43800002,0.41815104
0.439,0.62737904
0.44000003,0.62254152
0.441,0.62502704
0.44200003,0.71537104
0.44300002,0.68803816
0.44400004,0.72308432
0.44500002,0.71320224
0.446,0.70273016
0.44700003,0.70178272
0.448,0.70834416
0.44900003,0.74649648
0.45000002,0.75068256
0.45100003,0.75111256
0.45200002,0.7666136
0.453,0.77152568
0.45400003,0.77335936
0.455,0.78581888
0.45600003,0.78539832
0.45700002,0.79072496
0.45800003,0.81101072
0.45900002,0.80263192
0.46,0.80896608
0.46100003,0.8169124
0.462,0.81904744
0.46300003,0.82869352
0.46400002,0.82331576
0.46500003,0.83617224
0.46600002,0.83667024
0.467,0.83597248
0.46800002,0.84271288
0.469,0.85095768
0.47000003,0.84851896
0.47100002,0.85704296
0.47200003,0.85488464
0.47300002,0.86093696
0.47400004,0.86274792
0.47500002,0.8654152
0.476,0.86633992
0.47700003,0.8722212
0.47800002,0.87392408
0.47900003,0.87423984
0.48000002,0.8792688
0.48100004,0.88112472
0.48200002,0.88186752
0.483,0.88453648
0.48400003,0.8848196
0.485,0.88928104
0.48600003,0.88998128
0.48700002,0.89103784
0.48800004,0.89245536
0.48900002,0.89415336
0.49,0.89524024
0.49100003,0.89936648
0.492,0.90151712
0.49300003,0.90085056
0.49400002,0.90259344
0.49500003,0.90468392
0.49600002,0.90674328
0.497,0.90771056
0.49800003,0.90788784
0.499,0.90961056
0.5,0.91201024
0.50100005,0.9114696
0.50200003,0.91404448
0.503,0.9146876
0.504,0.91598656
0.505,0.91730112
0.50600004,0.91833992
0.507,0.91943808
0.508,0.92211128
0.509,0.92275336
0.51000005,0.9236828
0.51100004,0.92477832
0.512,0.92546728
0.513,0.9270788
0.514,0.92739952
0.51500005,0.92781192
0.51600003,0.92958072
0.517,0.9298544
0.518,0.93178808
0.51900005,0.93301416
0.52000004,0.9332216
0.521,0.93423848
0.522,0.93548104
0.523,0.93560416
0.52400005,0.93588624
0.52500004,0.936922
0.526,0.93844576
0.527,0.93835352
0.528,0.94042288
0.52900004,0.94082616
0.53000003,0.94147376
0.531,0.94121968
0.532,0.94257344
0.53300005,0.94384536
0.53400004,0.94383616
0.535,0.94424744
0.536,0.94487624
0.537,0.94578336
0.53800005,0.9466552
0.53900003,0.94733744
0.54,0.94799544
0.541,0.9488036
0.54200006,0.94939888
0.54300004,0.94969528
0.544,0.95075064
0.545,0.95108832
0.546,0.95206496
0.54700005,0.95243096
0.54800004,0.95256312
0.549,0.95341472
0.55,0.95383248
0.551,0.95407992
0.55200005,0.95497056
0.55300003,0.95483544
0.554,0.95639376
0.555,0.95684712
0.55600005,0.95718712
0.55700004,0.95774872
0.558,0.95812552
0.559,0.95835728
0.56,0.9589496
0.56100005,0.95941824
0.56200004,0.95999264
0.563,0.96058648
0.564,0.9610164
0.565,0.96119584
0.56600004,0.96172376
0.56700003,0.9620812
0.568,0.96258376
0.569,0.96322952
0.57000005,0.96351928
0.57100004,0.96405264
0.572,0.96399856
0.573,0.96462424
0.574,0.9654016
0.57500005,0.96550312
0.57600003,0.96595272
0.577,0.96625864
0.578,0.96663008
0.57900006,0.9666772
0.58000004,0.96717104
0.58100003,0.96793072
0.582,0.96824384
0.583,0.9681956
0.58400005,0.96876304
0.58500004,0.96932048
0.586,0.96956784
0.587,0.96960312
0.588,0.9701964
0.58900005,0.97062864
0.59000003,0.97073216
0.591,0.97081552
0.592,0.97093856
0.59300005,0.9714576
0.59400004,0.97202088
0.595,0.97222632
0.596,0.97229968
0.597,0.9729508
0.59800005,0.97329728
0.59900004,0.97315192
0.6,0.97371416
0.601,0.97387552
0.60200006,0.97418256
0.60300004,0.97458984
0.60400003,0.97465888
0.605,0.97501664
0.606,0.97509344
0.60700005,0.97529944
0.60800004,0.975874
0.609,0.97600392
0.61,0.9761748
0.611,0.97670184
0.61200005,0.97674688
0.61300004,0.97708176
0.614,0.97720112
0.615,0.977144
0.61600006,0.97766032
0.61700004,0.9779484
0.61800003,0.97812408
0.619,0.97854952
0.62,0.97845664
0.62100005,0.97886832
0.62200004,0.97901176
0.623,0.97906008
0.624,0.97930312
0.625,0.97953464
0.62600005,0.97987712
0.62700003,0.97995656
0.628,0.9802328
0.629,0.98040544
0.63000005,0.98065632
0.63100004,0.98062792
0.632,0.9808724
0.633,0.98097448
0.634,0.98136752
0.63500005,0.98151984
0.63600004,0.9818352
0.637,0.9819236
0.638,0.98219824
0.63900006,0.9823196
0.64000005,0.98256128
0.64100003,0.98264168
0.642,0.98274448
0.643,0.9829312
0.64400005,0.98314224
0.64500004,0.98352536
0.646,0.98356736
0.647,0.98364248
0.648,0.9837732
0.64900005,0.98395696
0.65000004,0.9839668
0.651,0.984392
0.652,0.9843904
0.65300006,0.98458048
0.65400004,0.98491056
0.65500003,0.98486848
0.656,0.9850472
0.657,0.9850904
0.65800005,0.98529088
0.65900004,0.98561104
0.66,0.98564208
0.661,0.98568328
0.66200006,0.985788
0.66300005,0.986032
0.66400003,0.98630608
0.665,0.98621752
0.666,0.98640488
0.66700006,0.98644744
0.66800004,0.98663856
0.669,0.98670032
0.67,0.98693952
0.671,0.98714112
0.67200005,0.98708928
0.67300004,0.98732048
0.674,0.98748856
0.675,0.98763424
0.67600006,0.98763104
0.67700005,0.98786744
0.67800003,0.9878284
0.679,0.98800536
0.68,0.9880592
0.68100005,0.988246
0.68200004,0.98835608
0.683,0.9884764
0.684,0.98847384
0.68500006,0.9887672
0.68600005,0.9886908
0.68700004,0.98892112
0.688,0.98894624
0.689,0.98914544
0.69000006,0.989122
0.69100004,0.98928424
0.69200003,0.98934048
0.693,0.98952952
0.694,0.98967376
0.69500005,0.98966928
0.69600004,0.98966608
0.697,0.98979168
0.698,0.99003848
0.69900006,0.99008912
0.70000005,0.99016472
0.70100003,0.99037952
0.702,0.99027392
0.703,0.99047808
0.70400006,0.9905828
0.70500004,0.99057472
0.70600003,0.99067352
0.707,0.9908512
0.708,0.99080632
0.70900005,0.9908864
0.71000004,0.99110848
0.711,0.99107824
0.712,0.99117288
0.71300006,0.9913
0.71400005,0.99133072
0.71500003,0.9914432
0.716,0.99156392
0.717,0.9916016
0.71800005,0.99166752
0.71900004,0.99176736
0.72,0.991788
0.721,0.99187144
0.72200006,0.9919844
0.72300005,0.99188496
0.72400004,0.99206568
0.725,0.99218728
0.726,0.99231072
0.72700006,0.99240408
0.72800004,0.99250184
0.72900003,0.99245928
0.73,0.99260672
0.731,0.99255224
0.73200005,0.9926764
0.73300004,0.992698
0.734,0.99280224
0.735,0.9928624
0.73600006,0.9929508
0.73700005,0.99300312
0.73800004,0.992988
0.739,0.99307952
0.74,0.99320704
0.74100006,0.9932836
0.74200004,0.99336512
0.74300003,0.9933448
0.744,0.9935024
0.74500006,0.99350624
0.74600005,0.99356512
0.74700004,0.9936452
0.748,0.99365648
0.749,0.993694
0.75000006,0.99378192
0.75100005,0.9938536
0.75200003,0.99397304
0.753,0.99388104
0.754,0.99403
0.75500005,0.99410464
0.75600004,0.99405192
0.757,0.99416696
0.758,0.99421672
0.75900006,0.99425512
0.76000005,0.99433848
0.76100004,0.99434456
0.762,0.99434576
0.763,0.994526
0.76400006,0.99453656
0.76500005,0.99462368
0.76600003,0.99456344
0.767,0.99467288
0.768,0.99473688
0.76900005,0.99470896
0.77000004,0.99480248
0.771,0.99480264
0.772,0.99492328
0.77300006,0.99494592
0.77400005,0.99505968
0.77500004,0.99501632
0.776,0.9950572
0.777,0.99512536
0.77800006,0.99516216
0.77900004,0.99518192
0.78000003,0.99525976
0.781,0.9953204
0.78200006,0.99537088
0.78300005,0.995354
0.78400004,0.99540992
0.785,0.99551224
0.786,0.99549736
0.78700006,0.9955524
0.78800005,0.9956096
0.78900003,0.99564408
0.79,0.9956684
0.791,0.99563704
0.79200006,0.99577672
0.79300004,0.9958212
0.794,0.99578704
0.795,0.99586056
0.79600006,0.99585384
0.79700005,0.995866
0.79800004,0.99598216
0.799,0.99600536
0.8,0.99604336
0.80100006,0.99607032
0.80200005,0.99614344
0.80300003,0.99615648
0.804,0.99617432
0.80500007,0.99617968
0.80600005,0.99622048
0.80700004,0.9962088
0.808,0.9962828
0.809,0.99630568
0.81000006,0.9963508
0.81100005,0.9963756
0.81200004,0.99640296
0.813,0.9963952
0.814,0.99650784
0.81500006,0.99657272
0.81600004,0.99653016
0.81700003,0.99656816
0.818,0.99660248
0.81900007,0.9966252
0.82000005,0.99662464
0.82100004,0.99669976
0.822,0.99677712
0.823,0.99675408
0.82400006,0.99676376
0.82500005,0.9968344
0.82600003,0.99683232
0.827,0.99685056
0.82800007,0.99685384
0.82900006,0.99689616
0.83000004,0.99696776
0.83100003,0.9969524
0.832,0.99691648
0.83300006,0.99701936
0.83400005,0.99704224
0.83500004,0.99706216
0.836,0.9970804
0.837,0.99718632
0.83800006,0.99713288
0.83900005,0.99716528
0.84000003,0.99718688
0.841,0.99721056
0.84200007,0.997236
0.84300005,0.99725272
0.84400004,0.99726432
0.845,0.99732776
0.846,0.99730664
0.84700006,0.99737016
0.84800005,0.997408
0.84900004,0.99740792
0.85,0.99741352
0.851,0.997402
0.85200006,0.99745784
0.85300004,0.99745232
0.85400003,0.99748712
0.855,0.99755056
0.85600007,0.99757544
0.85700005,0.99758984
0.85800004,0.99758304
0.859,0.99756992
0.86,0.99768488
0.86100006,0.99768456
0.86200005,0.99764312
0.86300004,0.99773456
0.864,0.99768416
0.86500007,0.99774552
0.86600006,0.9977564
0.86700004,0.9977884
0.86800003,0.9977928
0.869,0.99780272
0.87000006,0.99784776
0.87100005,0.99789568
0.87200004,0.99788648
0.873,0.99786752
0.874,0.99790384
0.87500006,0.99795648
0.87600005,0.99797152
0.87700003,0.99795976
0.878,0.99798696
0.87900007,0.99802272
0.88000005,0.9979864
0.88100004,0.99803816
0.882,0.99802368
0.883,0.998032
0.88400006,0.99808048
0.88500005,0.99805808
0.88600004,0.9981248
0.887,0.99812864
0.8880001,0.9981404
0.88900006,0.99819
0.89000005,0.9982088
0.89100003,0.99818296
0.892,0.99821944
0.89300007,0.99823552
0.89400005,0.99820744
0.89500004,0.99826432
0.896,0.99826744
0.897,0.99829416
0.89800006,0.99826224
0.89900005,0.99831552
0.90000004,0.99832992
0.901,0.99834384
0.90200007,0.998354
0.90300006,0.99833872
0.90400004,0.99839208
0.90500003,0.9984152
0.906,0.9984248
0.90700006,0.99840096
0.90800005,0.9984232
0.90900004,0.99845392
0.91,0.99847648
0.9110001,0.99849136
0.91200006,0.99850712
0.91300005,0.99849688
0.91400003,0.99849632
0.915,0.99855192
0.91600007,0.99850024
0.91700006,0.99856528
0.91800004,0.99859768
0.919,0.99858712
0.92,0.99858912
0.92100006,0.99860784
0.92200005,0.99863528
0.92300004,0.99861352
0.924,0.99864008
0.9250001,0.9986424
0.92600006,0.99865576
0.92700005,0.99868264
0.92800003,0.99868856
0.929,0.99871648
0.93000007,0.99869408
0.93100005,0.99868912
0.93200004,0.9987428
0.933,0.99872072
0.934,0.99876232
0.93500006,0.99876192
0.93600005,0.99875888
0.93700004,0.998786
0.938,0.99878768
0.93900007,0.99879008
0.94000006,0.99881464
0.94100004,0.9987908
0.94200003,0.99883272
0.943,0.998812
0.94400007,0.99885904
0.94500005,0.998862
0.94600004,0.99887136
0.947,0.99886168
0.9480001,0.99886632
0.94900006,0.99887024
0.95000005,0.99893264
0.95100003,0.99890968
0.952,0.99889192
0.95300007,0.99891256
0.95400006,0.99895176
0.95500004,0.99895944
0.95600003,0.99897064
0.957,0.998944
0.95800006,0.99897448
0.95900005,0.99901776
0.96000004,0.9990012
0.961,0.99893776
0.9620001,0.99900736
0.96300006,0.99900376
0.96400005,0.99902336
0.96500003,0.9990572
0.966,0.99904592
0.96700007,0.99903392
0.96800005,0.99903504
0.96900004,0.99905336
0.97,0.9990504
0.9710001,0.99910792
0.97200006,0.9990824
0.97300005,0.99911832
0.97400004,0.99911104
0.975,0.99908616
0.9760001,0.99910792
0.97700006,0.9991236
0.97800004,0.99914856
0.97900003,0.99911208
0.98,0.99914752
0.98100007,0.9991544
0.98200005,0.99917488
0.98300004,0.99914216
0.984,0.99915424
0.9850001,0.99917904
0.98600006,0.99918168
0.98700005,0.99920592
0.98800004,0.99920088
0.989,0.9991832
0.99000007,0.99922528
0.99100006,0.99920712
0.99200004,0.999234
0.99300003,0.99923568
0.994,0.99923016
0.99500006,0.99923856
0.99600005,0.99925024
0.99700004,0.9992852
0.998,0.99928016
0.9990001,0.99927856
1,0.99929072
